295.0,36.0,314.0,36.0,314.0,51.0,295.0,51.0
317.0,37.0,383.0,37.0,383.0,51.0,317.0,51.0
388.0,37.0,407.0,37.0,407.0,51.0,388.0,51.0
410.0,38.0,487.0,38.0,487.0,52.0,410.0,52.0
189.0,41.0,220.0,41.0,220.0,52.0,189.0,52.0
533.0,63.0,552.0,63.0,552.0,77.0,533.0,77.0
237.42627,62.31148,259.87708,64.35246,258.64755,77.87706,236.19675,75.836075
192.0,63.0,229.0,63.0,229.0,78.0,192.0,78.0
323.0,63.0,350.0,63.0,350.0,78.0,323.0,78.0
553.1,62.699997,587.46985,64.194336,586.85474,78.34151,552.48486,76.84717
360.60645,64.881195,515.6953,59.391323,516.3511,77.91678,361.2622,83.40665
270.30453,67.26396,313.65482,64.16751,314.76144,79.6599,271.41116,82.75635
446.12122,82.15304,506.33362,83.65835,505.93823,99.47346,445.72583,97.96815
249.21231,82.17845,279.67386,83.87076,278.80307,99.5446,248.34152,97.852295
379.0,85.0,401.0,85.0,401.0,97.0,379.0,97.0
403.26398,82.304565,443.7005,85.19289,442.599,100.61421,402.16248,97.72589
516.0,84.0,546.0,84.0,546.0,99.0,516.0,99.0
558.0,84.0,578.0,84.0,578.0,99.0,558.0,99.0
330.23773,83.385254,368.64758,86.87706,367.43445,100.22131,329.0246,96.72951
284.72806,87.11282,328.848,85.591446,329.24942,97.23277,285.1295,98.75415
236.0,87.0,248.0,87.0,248.0,98.0,236.0,98.0
193.0,88.0,230.0,88.0,230.0,103.0,193.0,103.0
308.0,104.0,387.0,104.0,387.0,118.0,308.0,118.0
536.45575,102.163734,568.77875,104.318596,567.68585,120.712395,535.36285,118.55753
264.0,104.0,302.0,104.0,302.0,119.0,264.0,119.0
566.0,103.0,586.0,103.0,586.0,120.0,566.0,120.0
199.0,104.0,259.0,104.0,259.0,120.0,199.0,120.0
505.0,104.0,526.0,104.0,526.0,120.0,505.0,120.0
427.15955,103.44748,459.71985,105.4825,458.76263,120.79767,426.20233,118.76265
401.0,105.0,422.0,105.0,422.0,120.0,401.0,120.0
458.06787,108.43519,505.84296,104.219734,507.3056,120.79656,459.53052,125.01202
166.0,115.0,181.0,115.0,181.0,127.0,166.0,127.0
113.08967,116.47587,157.40692,119.08276,156.77588,129.81036,112.458626,127.20346
331.0,125.0,340.0,125.0,340.0,139.0,331.0,139.0
360.0,124.0,405.0,124.0,405.0,140.0,360.0,140.0
231.07048,123.349556,312.2185,124.57907,311.9674,141.15103,230.81938,139.92151
410.0,125.0,443.0,125.0,443.0,140.0,410.0,140.0
452.0,126.0,508.0,126.0,508.0,139.0,452.0,139.0
521.0,125.0,548.0,125.0,548.0,140.0,521.0,140.0
558.0,125.0,588.0,125.0,588.0,140.0,558.0,140.0
198.0,126.0,219.0,126.0,219.0,141.0,198.0,141.0
341.0,128.0,360.0,128.0,360.0,140.0,341.0,140.0
333.0,146.0,400.0,146.0,400.0,161.0,333.0,161.0
193.10114,146.46005,240.31973,147.80914,239.93475,161.28384,192.71616,159.93475
312.0,149.0,331.0,149.0,331.0,159.0,312.0,159.0
467.0,146.0,536.0,146.0,536.0,162.0,467.0,162.0
416.28824,145.25294,455.82352,148.29411,454.64114,163.66469,415.10587,160.62352
545.0,149.0,585.0,149.0,585.0,160.0,545.0,160.0
257.0,150.0,300.0,150.0,300.0,165.0,257.0,165.0
553.0,166.0,575.0,166.0,575.0,180.0,553.0,180.0
394.0,167.0,403.0,167.0,403.0,180.0,394.0,180.0
321.13953,165.0228,395.24988,166.505,394.932,182.39865,320.82166,180.91644
522.2434,165.34958,550.7832,167.25223,549.7522,182.71683,521.2124,180.81418
432.14468,166.10724,470.59854,168.02994,469.8679,182.6434,431.41403,180.7207
240.0,167.0,314.0,167.0,314.0,182.0,240.0,182.0
204.0,167.0,235.0,167.0,235.0,183.0,204.0,183.0
404.0,169.0,418.0,169.0,418.0,182.0,404.0,182.0
472.0,170.0,516.0,170.0,516.0,181.0,472.0,181.0
576.0,170.0,586.0,170.0,586.0,181.0,576.0,181.0
191.0,170.0,204.0,170.0,204.0,183.0,191.0,183.0
494.0,186.0,577.0,186.0,577.0,202.0,494.0,202.0
380.0,187.0,439.0,187.0,439.0,203.0,380.0,203.0
336.35406,186.33464,365.8015,188.1751,364.83264,203.67705,335.3852,201.8366
194.05731,186.89952,319.10895,188.30458,318.93195,204.0554,193.88031,202.65034
578.0,190.0,588.0,190.0,588.0,201.0,578.0,201.0
455.24786,187.28322,483.7213,189.18144,482.75226,203.71684,454.2788,201.81862
513.0,208.0,588.0,208.0,588.0,223.0,513.0,223.0
405.54785,208.98235,460.7807,207.20064,461.28796,222.9262,406.0551,224.7079
474.22568,207.38911,502.7393,209.17122,501.77432,224.61092,473.2607,222.82881
368.0882,211.14703,405.7882,208.24704,406.90588,222.77646,369.20587,225.67645
192.0,209.0,243.0,209.0,243.0,225.0,192.0,225.0
243.14601,213.19029,314.82742,208.41151,315.88495,224.27434,244.20352,229.05312
313.2522,212.7832,365.68585,209.28763,366.79205,225.88055,314.3584,229.37613
505.0,228.0,531.0,228.0,531.0,243.0,505.0,243.0
531.0,229.0,586.0,229.0,586.0,243.0,531.0,243.0
192.0,229.0,204.0,229.0,204.0,244.0,192.0,244.0
467.0,229.0,489.0,229.0,489.0,244.0,467.0,244.0
209.0,229.0,229.0,229.0,229.0,245.0,209.0,245.0
336.0,230.0,360.0,230.0,360.0,244.0,336.0,244.0
298.22568,228.38913,327.73538,230.23349,326.77042,245.67319,297.2607,243.82883
236.0,231.0,287.0,231.0,287.0,244.0,236.0,244.0
370.0,233.0,391.0,233.0,391.0,243.0,370.0,243.0
392.0,232.0,452.0,232.0,452.0,244.0,392.0,244.0
324.0,249.0,398.0,249.0,398.0,265.0,324.0,265.0
444.1,248.29997,504.46164,250.53558,503.88217,266.1808,443.52054,263.9452
505.26898,248.2335,553.8781,251.7056,552.77155,267.19794,504.1624,263.72586
401.21722,249.30688,429.7655,250.9862,428.85168,266.5207,400.3034,264.84137
245.52234,252.05908,280.94568,250.64215,281.51758,264.93927,246.09424,266.3562
192.0,251.0,240.0,251.0,240.0,266.0,192.0,266.0
432.0,253.0,445.0,253.0,445.0,266.0,432.0,266.0
316.0,257.0,324.0,257.0,324.0,266.0,316.0,266.0
280.0,254.0,318.0,254.0,318.0,271.0,280.0,271.0
569.0,270.0,578.0,270.0,578.0,284.0,569.0,284.0
491.358,269.2724,520.74316,271.10895,519.7704,286.67316,490.38522,284.8366
397.0,271.0,406.0,271.0,406.0,285.0,397.0,285.0
446.0,270.0,486.0,270.0,486.0,286.0,446.0,286.0
358.0,271.0,379.0,271.0,379.0,286.0,358.0,286.0
407.0,271.0,446.0,271.0,446.0,286.0,407.0,286.0
525.16815,270.4779,567.57965,273.30536,566.67255,286.91156,524.26105,284.0841
302.0,272.0,324.0,272.0,324.0,286.0,302.0,286.0
191.23859,272.9626,294.58127,267.73004,295.51974,286.26483,192.17706,291.49738
335.0,274.0,358.0,274.0,358.0,286.0,335.0,286.0
525.692,291.37335,586.802,289.88287,587.16406,304.72772,526.0541,306.2182
466.67545,292.3146,512.8065,291.03317,513.19275,304.93912,467.0617,306.22055
288.0,292.0,341.0,292.0,341.0,306.0,288.0,306.0
434.37616,290.35843,463.7788,292.31863,462.75226,307.7169,433.3496,305.75668
192.18848,291.28754,265.55112,294.22205,264.95047,309.23804,191.58783,306.30353
347.48877,296.22046,425.84338,293.08624,426.48718,309.18048,348.13257,312.3147
271.0,296.0,285.0,296.0,285.0,311.0,271.0,311.0
551.3143,310.28766,579.85406,312.1903,578.81866,327.72125,550.2789,325.8186
504.0,311.0,548.0,311.0,548.0,328.0,504.0,328.0
283.2127,311.46976,323.49927,313.01926,322.90692,328.41953,282.62036,326.87003
402.0,312.0,423.0,312.0,423.0,328.0,402.0,328.0
248.0,316.0,283.0,316.0,283.0,327.0,248.0,327.0
429.0,316.0,499.0,316.0,499.0,327.0,429.0,327.0
354.2284,317.19797,397.64972,314.09647,398.77155,329.80203,355.35022,332.90353
192.13208,314.96228,242.5151,317.15283,241.84717,332.51508,191.46414,330.32452
335.0,316.0,350.0,316.0,350.0,332.0,335.0,332.0
523.0,332.0,537.0,332.0,537.0,347.0,523.0,347.0
496.0,333.0,518.0,333.0,518.0,348.0,496.0,348.0
366.0,334.0,399.0,334.0,399.0,348.0,366.0,348.0
270.75998,330.68,318.63998,337.52002,316.42,353.06,268.54,346.21997
404.12497,337.2243,488.5508,331.4417,489.60422,346.8216,405.17838,352.6042
536.9601,328.72003,581.48804,336.81604,578.032,355.82404,533.504,347.72803
320.2386,337.34006,360.6751,334.45175,361.70557,348.87814,321.26904,351.76645
190.68721,337.1135,263.89966,335.18686,264.2976,350.30795,191.08514,352.2346
488.0,340.0,496.0,340.0,496.0,348.0,488.0,348.0
412.74704,352.88135,484.9269,351.07684,485.34854,367.94128,413.16867,369.7458
261.99997,352.99997,359.99997,352.99997,359.99997,368.99997,261.99997,368.99997
367.0,353.0,403.0,353.0,403.0,369.0,367.0,369.0
569.0,353.0,590.0,353.0,590.0,369.0,569.0,369.0
235.0,354.0,257.0,354.0,257.0,369.0,235.0,369.0
485.0,356.0,498.0,356.0,498.0,367.0,485.0,367.0
189.45981,355.11545,232.77939,353.1464,233.49484,368.88663,190.17526,370.85568
522.0,357.0,564.0,357.0,564.0,373.0,522.0,373.0
505.0,362.0,513.0,362.0,513.0,370.0,505.0,370.0
410.0,373.0,426.0,373.0,426.0,388.0,410.0,388.0
566.0,374.0,575.0,374.0,575.0,387.0,566.0,387.0
348.1099,373.3835,402.2935,374.6736,401.9224,390.26004,347.7388,388.96994
434.0,374.0,478.0,374.0,478.0,390.0,434.0,390.0
190.0,375.0,239.0,375.0,239.0,390.0,190.0,390.0
576.0,377.0,588.0,377.0,588.0,388.0,576.0,388.0
245.0,379.0,284.0,379.0,284.0,389.0,245.0,389.0
491.0,377.0,565.0,377.0,565.0,392.0,491.0,392.0
289.23352,380.26904,339.7614,376.6599,340.79694,391.15735,290.26904,394.76648
448.0,394.0,542.0,394.0,542.0,410.0,448.0,410.0
562.4061,393.3147,591.8274,395.4162,590.7258,410.83752,561.30457,408.73602
188.0,395.0,275.0,395.0,275.0,411.0,188.0,411.0
407.0,396.0,427.0,396.0,427.0,410.0,407.0,410.0
362.16345,394.38525,390.80157,396.1751,389.8366,411.6148,361.1985,409.82495
307.5938,400.06393,341.8866,398.50516,342.37317,409.2103,308.08038,410.76907
294.0,400.0,307.0,400.0,307.0,410.0,294.0,410.0
509.16077,414.46185,581.46594,417.74847,580.8495,431.31134,508.5443,428.02472
463.2478,414.28323,491.854,416.19034,490.82306,431.65494,462.21686,429.74783
385.09656,414.75223,441.2948,416.02945,440.93964,431.65775,384.7414,430.38052
302.0,416.0,367.0,416.0,367.0,431.0,302.0,431.0
190.0,416.0,282.0,416.0,282.0,432.0,190.0,432.0
440.0,418.0,452.0,418.0,452.0,431.0,440.0,431.0
319.0,436.0,355.0,436.0,355.0,452.0,319.0,452.0
418.0,437.0,441.0,437.0,441.0,451.0,418.0,451.0
524.0,436.0,583.0,436.0,583.0,452.0,524.0,452.0
190.14716,435.61514,240.53018,437.8057,239.82452,454.03586,189.4415,451.8453
513.0,439.0,525.0,439.0,525.0,451.0,513.0,451.0
251.0,440.0,307.0,440.0,307.0,451.0,251.0,451.0
451.0,440.0,495.0,440.0,495.0,451.0,451.0,451.0
308.0,440.0,320.0,440.0,320.0,452.0,308.0,452.0
366.0,441.0,407.0,441.0,407.0,457.0,366.0,457.0
474.0,457.0,497.0,457.0,497.0,472.0,474.0,472.0
506.42392,457.4788,549.7656,455.31174,550.5935,471.87033,507.25183,474.03738
251.0,457.0,332.0,457.0,332.0,473.0,251.0,473.0
191.12474,456.1331,237.43138,457.62686,236.89189,474.3514,190.58525,472.85764
562.0,460.0,588.0,460.0,588.0,471.0,562.0,471.0
458.0,461.0,470.0,461.0,470.0,471.0,458.0,471.0
347.77985,458.1305,445.898,456.57306,446.22345,477.0758,348.1053,478.63324
329.0,479.0,338.0,479.0,338.0,492.0,329.0,492.0
402.0,478.0,423.0,478.0,423.0,493.0,402.0,493.0
424.0,478.0,463.0,478.0,463.0,493.0,424.0,493.0
364.30975,477.35403,392.7832,479.2523,391.75226,494.7169,363.2788,492.81863
504.3647,481.26443,589.49615,475.07303,590.7695,492.5804,505.638,498.77182
189.29184,478.33075,231.87549,480.99225,230.90662,496.4942,188.32297,493.8327
290.0,482.0,329.0,482.0,329.0,493.0,290.0,493.0
339.0,481.0,351.0,481.0,351.0,494.0,339.0,494.0
480.0,482.0,496.0,482.0,496.0,498.0,480.0,498.0
235.22844,484.19794,277.79697,481.15735,278.90863,496.72083,236.34012,499.7614
467.0,487.0,474.0,487.0,474.0,494.0,467.0,494.0
524.2007,498.17932,589.29565,500.42395,588.8218,514.16626,523.7268,511.92163
272.0,500.0,292.0,500.0,292.0,515.0,272.0,515.0
453.0,502.0,478.0,502.0,478.0,513.0,453.0,513.0
495.0,502.0,522.0,502.0,522.0,513.0,495.0,513.0
300.0,502.0,375.0,502.0,375.0,514.0,300.0,514.0
376.22766,499.26898,414.87592,502.4897,413.669,516.9725,375.02075,513.7518
427.0,503.0,440.0,503.0,440.0,514.0,427.0,514.0
188.85275,504.0188,259.93204,502.85358,260.18832,518.4887,189.10904,519.65393
528.0,519.0,589.0,519.0,589.0,533.0,528.0,533.0
459.0,520.0,468.0,520.0,468.0,533.0,459.0,533.0
448.0,523.0,460.0,523.0,460.0,535.0,448.0,535.0
257.46652,524.24347,316.8903,516.4925,319.26578,534.7044,259.842,542.4554
330.0,524.0,398.0,524.0,398.0,535.0,330.0,535.0
409.0,524.0,435.0,524.0,435.0,535.0,409.0,535.0
485.0,523.0,528.0,523.0,528.0,539.0,485.0,539.0
189.52393,518.9134,240.22897,525.414,237.94888,543.19855,187.24384,536.69794
566.0,540.0,575.0,540.0,575.0,553.0,566.0,553.0
491.0,543.0,554.0,543.0,554.0,554.0,491.0,554.0
576.0,542.0,588.0,542.0,588.0,555.0,576.0,555.0
363.99997,540.99994,465.99997,540.99994,465.99997,556.99994,363.99997,556.99994
184.12979,540.0841,260.2077,541.3313,259.93204,558.1465,183.85413,556.8993
263.0,541.0,332.0,541.0,332.0,558.0,263.0,558.0
473.0,542.0,482.0,542.0,482.0,557.0,473.0,557.0
342.0,546.0,358.0,546.0,358.0,561.0,342.0,561.0
178.2276,566.269,216.87589,569.4897,215.69656,583.6414,177.04828,580.4207
540.6422,568.83405,587.8661,567.4451,588.32153,582.9317,541.09766,584.3206
