245.0,35.0,262.0,35.0,262.0,50.0,245.0,50.0
263.0,35.0,351.0,35.0,351.0,53.0,263.0,53.0
150.0,36.0,240.0,36.0,240.0,53.0,150.0,53.0
425.0,59.0,449.0,59.0,449.0,75.0,425.0,75.0
254.0,60.0,368.0,60.0,368.0,76.0,254.0,76.0
57.67007,63.792698,106.823364,62.464237,107.24161,77.93942,58.088318,79.26788
111.30064,64.07967,248.56152,57.64556,249.50647,77.80439,112.245575,84.2385
371.99997,63.0,421.99997,63.0,421.99997,79.0,371.99997,79.0
277.7987,80.93093,364.87903,79.34765,365.1626,94.9425,278.08228,96.52578
367.0,81.0,396.0,81.0,396.0,96.0,367.0,96.0
403.18082,82.11781,444.3096,83.6411,443.874,95.40274,402.7452,93.879456
126.39692,84.1446,155.86154,82.50768,156.59692,95.744606,127.13229,97.38152
164.68582,83.0609,254.93912,80.68582,255.4526,100.19862,165.19931,102.5737
59.65883,88.035286,119.93288,86.449135,120.332184,101.62284,60.058136,103.20899
380.0,101.0,425.0,101.0,425.0,117.0,380.0,117.0
282.3706,106.18781,308.73608,104.30456,309.55334,115.74618,283.18787,117.62943
150.33852,105.416336,267.31903,98.10506,268.48248,116.71985,151.50195,124.03113
321.0,102.0,381.0,102.0,381.0,121.0,321.0,121.0
109.23771,103.385254,141.87704,106.35246,140.65573,119.786896,108.016396,116.81969
60.93792,109.25517,96.606895,106.28276,97.90345,121.841385,62.234474,124.8138
345.0,122.0,368.0,122.0,368.0,137.0,345.0,137.0
310.38495,121.22568,339.7876,123.18585,338.7522,138.71683,309.34955,136.75665
208.0,123.0,231.0,123.0,231.0,138.0,208.0,138.0
373.0,123.0,416.0,123.0,416.0,138.0,373.0,138.0
279.0,125.0,303.0,125.0,303.0,137.0,279.0,137.0
235.0,123.0,279.0,123.0,279.0,140.0,235.0,140.0
162.0,127.0,201.0,127.0,201.0,138.0,162.0,138.0
139.0,127.0,151.0,127.0,151.0,140.0,139.0,140.0
61.0,128.0,86.0,128.0,86.0,140.0,61.0,140.0
85.0,125.0,139.0,125.0,139.0,145.0,85.0,145.0
426.0,146.0,453.0,146.0,453.0,157.0,426.0,157.0
60.0,145.0,74.0,145.0,74.0,160.0,60.0,160.0
286.0,147.0,312.0,147.0,312.0,158.0,286.0,158.0
137.88461,143.57693,161.73077,148.34616,158.80771,162.96155,134.96155,158.19232
117.0,144.0,134.0,144.0,134.0,163.0,117.0,163.0
77.336075,144.30328,112.04918,147.45901,110.64754,162.87704,75.93443,159.72131
321.3089,142.99893,415.34644,147.14764,414.56744,164.80444,320.5299,160.65573
161.6596,145.7267,280.91455,142.66887,281.41586,162.22011,162.16092,165.27794
214.0,164.0,266.0,164.0,266.0,180.0,214.0,180.0
326.296,165.79187,448.54318,160.1323,449.4094,178.8422,327.1622,184.50177
150.0,165.0,166.0,165.0,166.0,180.0,150.0,180.0
166.19691,164.45537,208.62154,166.8123,207.76924,182.15385,165.34462,179.79692
59.65463,167.9483,141.88683,165.37854,142.36096,180.55121,60.12877,183.12097
273.0,168.0,322.0,168.0,322.0,184.0,273.0,184.0
443.0,182.0,456.0,182.0,456.0,199.0,443.0,199.0
313.0,185.0,322.0,185.0,322.0,199.0,313.0,199.0
255.36879,186.74435,312.85748,184.0068,313.6109,199.82806,256.1222,202.56561
176.0,185.0,231.0,185.0,231.0,202.0,176.0,202.0
58.5551,186.2079,131.83368,183.84407,132.38461,200.92308,59.106033,203.28691
136.0,186.0,171.0,186.0,171.0,202.0,136.0,202.0
361.70657,185.67368,442.85104,183.74167,443.3162,203.2782,362.17172,205.2102
235.0,186.0,252.0,186.0,252.0,204.0,235.0,204.0
323.2162,187.2973,359.7027,190.21622,358.5326,204.84262,322.04608,201.9237
311.0,205.0,456.0,205.0,456.0,221.0,311.0,221.0
162.0,206.0,183.0,206.0,183.0,223.0,162.0,223.0
271.0,209.0,305.0,209.0,305.0,220.0,271.0,220.0
94.16424,206.08792,140.35083,207.37088,139.90979,223.24753,93.72321,221.96457
186.05873,205.83182,271.18268,207.03076,270.94427,223.95697,185.82033,222.75803
60.17538,208.15692,88.86462,206.56308,89.769226,222.84616,61.079994,224.44
282.0,227.0,313.0,227.0,313.0,242.0,282.0,242.0
332.88474,230.20135,446.96304,228.85925,447.10336,240.78702,333.02505,242.12912
313.0,230.0,325.0,230.0,325.0,241.0,313.0,241.0
246.0,231.0,274.0,231.0,274.0,242.0,246.0,242.0
194.18875,229.69649,238.61511,232.23512,237.9235,244.33846,193.49713,241.79982
115.124695,227.50624,187.54364,231.12718,186.69824,248.03493,114.2793,244.41399
59.951206,232.56096,109.67072,227.03658,111.62195,244.59755,61.902428,250.12193
291.83572,247.66904,397.88596,246.13208,398.11526,261.95483,292.06503,263.4918
62.0,246.0,90.0,246.0,90.0,264.0,62.0,264.0
126.0,248.0,168.0,248.0,168.0,264.0,126.0,264.0
176.0,248.0,281.0,248.0,281.0,264.0,176.0,264.0
89.26967,248.16853,120.32135,251.12582,118.83371,266.7461,87.78203,263.7888
409.3446,252.20303,457.8615,249.50766,458.7138,264.8492,410.1969,267.5446
297.0,268.0,378.0,268.0,378.0,284.0,297.0,284.0
73.0,269.0,104.0,269.0,104.0,285.0,73.0,285.0
166.0,269.0,239.0,269.0,239.0,285.0,166.0,285.0
387.82928,272.4634,447.20734,265.86588,449.06097,282.5488,389.68292,289.14633
101.47562,272.28052,130.78049,269.0244,132.5122,284.6098,103.20734,287.8659
62.0,271.0,74.0,271.0,74.0,286.0,62.0,286.0
131.0,273.0,164.0,273.0,164.0,284.0,131.0,284.0
244.0,273.0,283.0,273.0,283.0,289.0,244.0,289.0
369.75864,290.10342,451.83176,288.10165,452.19382,302.9465,370.1207,304.94827
186.81113,290.79977,279.87183,289.07645,280.14746,303.96024,187.08676,305.68356
152.31415,289.28766,180.85397,291.1903,179.81857,306.72125,151.27875,304.8186
282.64914,291.4653,342.15573,286.2908,343.76175,304.75986,284.25516,309.93436
117.0,291.0,148.0,291.0,148.0,306.0,117.0,306.0
64.324135,293.1104,97.84138,295.9035,96.868965,307.57245,63.351723,304.77936
346.0,294.0,361.0,294.0,361.0,309.0,346.0,309.0
97.0,295.0,112.0,295.0,112.0,310.0,97.0,310.0
402.0,309.0,430.0,309.0,430.0,325.0,402.0,325.0
439.5841,309.15842,460.97028,311.29703,459.51483,325.85147,438.12866,323.71286
256.0,310.0,294.0,310.0,294.0,326.0,256.0,326.0
180.99997,310.99997,255.99997,310.99997,255.99997,326.99997,180.99997,326.99997
148.0,312.0,167.0,312.0,167.0,327.0,148.0,327.0
361.0,312.0,374.0,312.0,374.0,327.0,361.0,327.0
62.397198,315.10867,133.74721,310.2714,134.73204,324.79782,63.382034,329.6351
305.21338,310.36865,354.69885,314.38098,353.27942,331.8875,303.79395,327.87518
374.0,314.0,391.0,314.0,391.0,329.0,374.0,329.0
433.29965,329.20624,462.7471,331.0467,461.77048,346.67316,432.32303,344.8327
155.0,331.0,236.0,331.0,236.0,346.0,155.0,346.0
401.0,331.0,428.0,331.0,428.0,346.0,401.0,346.0
248.0,331.0,328.0,331.0,328.0,347.0,248.0,347.0
347.0,335.0,389.0,335.0,389.0,349.0,347.0,349.0
66.272606,330.5473,144.59128,335.34235,143.42737,354.35272,65.10871,349.55768
432.27588,349.31036,462.64142,351.09656,461.7276,366.63104,431.36206,364.84485
405.0,351.0,427.0,351.0,427.0,366.0,405.0,366.0
102.0,351.0,185.0,351.0,185.0,367.0,102.0,367.0
298.12198,350.0229,384.26974,351.781,383.93503,368.1823,297.78726,366.4242
64.0,353.0,96.0,353.0,96.0,368.0,64.0,368.0
187.0,356.0,220.0,356.0,220.0,367.0,187.0,367.0
388.0,355.0,403.0,355.0,403.0,370.0,388.0,370.0
220.73288,356.11536,273.93726,354.67743,274.34894,369.90955,221.14456,371.34747
279.0,356.0,294.0,356.0,294.0,371.0,279.0,371.0
379.43716,372.61652,427.79178,370.41858,428.50723,386.1588,380.15262,388.35675
213.0854,372.66882,279.27264,374.3659,278.91132,388.45923,212.72404,386.76215
103.0,373.0,163.0,373.0,163.0,389.0,103.0,389.0
290.8925,376.04202,378.9575,374.85196,379.11832,386.75522,291.0533,387.94528
176.0,376.0,213.0,376.0,213.0,387.0,176.0,387.0
65.0,377.0,91.0,377.0,91.0,388.0,65.0,388.0
449.0,376.0,462.0,376.0,462.0,391.0,449.0,391.0
432.0,380.0,441.0,380.0,441.0,388.0,432.0,388.0
317.99997,392.0,385.99997,392.0,385.99997,408.0,317.99997,408.0
138.0,393.0,153.0,393.0,153.0,408.0,138.0,408.0
231.0,393.0,251.0,393.0,251.0,408.0,231.0,408.0
251.0,393.0,313.0,393.0,313.0,408.0,251.0,408.0
65.7555,394.04236,133.9388,392.75586,134.2356,408.48608,66.05229,409.77258
393.40692,391.11725,453.82074,396.15173,452.52417,411.71033,392.11035,406.67584
154.2609,397.20673,218.79895,392.33594,220.07187,409.20215,155.53381,414.07294
377.0,412.0,406.0,412.0,406.0,427.0,377.0,427.0
234.13716,411.1428,317.26392,412.80533,316.92883,429.55862,233.80208,427.8961
338.2523,412.21686,366.79208,414.1195,365.75668,429.65045,337.2169,427.7478
206.0,413.0,228.0,413.0,228.0,429.0,206.0,429.0
317.0,416.0,329.0,416.0,329.0,427.0,317.0,427.0
66.67923,416.37735,164.77023,413.10764,165.26303,427.8912,67.17203,431.16092
171.0,418.0,197.0,418.0,197.0,429.0,171.0,429.0
421.27884,417.1815,463.69034,414.35403,464.73013,429.9514,422.31863,432.77884
412.0,434.0,462.0,434.0,462.0,448.0,412.0,448.0
315.57797,433.91684,370.7786,432.1362,371.32016,448.9252,316.11954,450.70584
374.22073,432.35175,409.80692,435.31726,408.52414,450.7104,372.93796,447.74487
115.0,436.0,136.0,436.0,136.0,451.0,115.0,451.0
141.33228,430.61356,312.33038,436.6666,311.62048,456.7211,140.62238,450.66806
67.0,439.0,110.0,439.0,110.0,450.0,67.0,450.0
304.1535,453.39896,357.38055,454.6368,356.97296,472.1622,303.7459,470.92435
80.0,456.0,89.0,456.0,89.0,470.0,80.0,470.0
424.41153,458.1726,451.75668,456.3496,452.5222,467.8319,425.17703,469.6549
356.0,458.0,382.0,458.0,382.0,469.0,356.0,469.0
383.0,458.0,419.0,458.0,419.0,469.0,383.0,469.0
236.22032,454.40128,298.65973,458.2241,297.69128,474.04233,235.25188,470.2195
68.0,458.0,81.0,458.0,81.0,471.0,68.0,471.0
164.0,459.0,202.0,459.0,202.0,470.0,164.0,470.0
89.29465,459.30048,136.7932,455.44922,137.96881,469.9485,90.47026,473.79974
209.36546,460.11673,234.80708,458.29947,235.62434,469.74112,210.18272,471.55838
138.0,459.0,159.0,459.0,159.0,471.0,138.0,471.0
301.0,476.0,326.0,476.0,326.0,491.0,301.0,491.0
364.0,476.0,385.0,476.0,385.0,491.0,364.0,491.0
170.0,477.0,257.0,477.0,257.0,491.0,170.0,491.0
264.0,476.0,285.0,476.0,285.0,492.0,264.0,492.0
396.0,475.0,455.0,475.0,455.0,493.0,396.0,493.0
289.0,478.0,302.0,478.0,302.0,491.0,289.0,491.0
331.0,479.0,357.0,479.0,357.0,490.0,331.0,490.0
105.0,481.0,164.0,481.0,164.0,491.0,105.0,491.0
68.0,481.0,100.0,481.0,100.0,492.0,68.0,492.0
475.0,493.0,545.0,493.0,545.0,503.0,475.0,503.0
384.0,496.0,405.0,496.0,405.0,512.0,384.0,512.0
237.8112,496.97372,345.88995,495.40738,346.12976,511.95462,238.05103,513.521
143.0,497.0,188.0,497.0,188.0,513.0,143.0,513.0
418.0,500.0,454.0,500.0,454.0,510.0,418.0,510.0
193.73364,495.49786,234.21399,500.89523,232.07425,516.9433,191.5939,511.54593
68.0,501.0,89.0,501.0,89.0,512.0,68.0,512.0
365.0,501.0,379.0,501.0,379.0,515.0,365.0,515.0
96.0,501.0,139.0,501.0,139.0,516.0,96.0,516.0
353.0,506.0,362.0,506.0,362.0,513.0,353.0,513.0
473.0,507.0,490.0,507.0,490.0,518.0,473.0,518.0
492.7491,508.47495,545.9566,506.7014,546.31506,517.45605,493.1076,519.2296
69.0,518.0,144.0,518.0,144.0,534.0,69.0,534.0
163.24782,517.28314,191.85402,519.19025,190.81862,534.72125,162.21242,532.81415
257.56894,519.4977,309.88602,517.6936,310.4335,533.5713,258.11642,535.37537
310.15564,519.50977,337.67316,521.2296,336.8327,534.6771,309.3152,532.9573
349.10867,515.32806,467.25406,518.0756,466.75516,539.5291,348.60977,536.78156
474.0,523.99994,534.0,523.99994,534.0,532.99994,474.0,532.99994
205.0,523.0,248.0,523.0,248.0,539.0,205.0,539.0
147.0,529.0,155.0,529.0,155.0,535.0,147.0,535.0
516.0,536.0,545.0,536.0,545.0,547.0,516.0,547.0
475.0,537.0,495.0,537.0,495.0,547.0,475.0,547.0
71.27646,538.4059,96.81764,540.3706,95.62941,555.8176,70.08823,553.8529
95.14916,538.1657,151.6243,541.1381,150.74585,557.8287,94.27071,554.85626
320.11334,542.03174,390.22754,544.03503,389.85968,556.9103,319.74548,554.907
287.0,544.0,300.0,544.0,300.0,556.0,287.0,556.0
393.0,544.0,407.0,544.0,407.0,557.0,393.0,557.0
408.0,545.0,438.0,545.0,438.0,556.0,408.0,556.0
489.0,551.0,534.0,551.0,534.0,562.0,489.0,562.0
475.0,555.0,490.0,555.0,490.0,563.0,475.0,563.0
451.0,564.0,474.0,564.0,474.0,579.0,451.0,579.0
81.0,569.0,102.0,569.0,102.0,580.0,81.0,580.0
110.0,569.0,130.0,569.0,130.0,580.0,110.0,580.0
