426.0,48.0,437.0,48.0,437.0,61.0,426.0,61.0
408.0,48.0,425.0,48.0,425.0,63.0,408.0,63.0
305.24805,43.914536,396.66467,48.373886,395.64392,69.299706,304.2273,64.840355
435.0,50.0,506.0,50.0,506.0,66.0,435.0,66.0
207.90552,70.44217,374.9439,69.3575,375.06488,87.98659,208.02649,89.07126
429.0,74.0,451.0,74.0,451.0,89.0,429.0,89.0
453.12305,73.10934,535.2397,74.57571,534.9391,91.40963,452.82245,89.94326
409.0,74.0,424.0,74.0,424.0,92.0,409.0,92.0
541.0,79.0,567.0,79.0,567.0,90.0,541.0,90.0
571.1587,79.09656,595.6553,81.13794,594.7656,91.8138,570.26904,89.772415
375.0,82.0,383.0,82.0,383.0,89.0,375.0,89.0
208.31418,91.28761,235.79205,93.11948,234.82303,107.65488,207.34515,105.82301
291.33606,91.303276,324.877,94.352455,323.64752,107.87704,290.10657,104.82786
242.0,95.0,284.0,95.0,284.0,106.0,242.0,106.0
384.0,96.0,409.0,96.0,409.0,108.0,384.0,108.0
329.82684,97.388214,383.66327,92.38017,385.1067,107.897064,331.27026,112.905106
410.23776,93.38526,463.88528,98.26231,462.56558,112.778694,408.91806,107.90165
469.6183,93.94064,531.88824,100.29472,530.124,117.58409,467.85406,111.23001
548.1719,95.38914,604.61536,98.07693,603.69006,117.509056,547.2466,114.821266
209.0,115.0,232.0,115.0,232.0,126.0,209.0,126.0
321.0863,113.04472,400.18567,114.191086,399.96936,129.1155,320.87,127.96913
299.0,117.0,319.0,117.0,319.0,127.0,299.0,127.0
408.2741,114.16244,436.84265,116.20305,435.73602,131.69543,407.16748,129.65482
440.0,116.0,461.0,116.0,461.0,131.0,440.0,131.0
238.28525,112.196396,293.72342,116.35426,292.3381,134.82536,236.89993,130.6675
471.0,116.0,551.0,116.0,551.0,132.0,471.0,132.0
562.0,121.0,604.0,121.0,604.0,136.0,562.0,136.0
237.0,132.0,250.0,132.0,250.0,148.0,237.0,148.0
250.0,133.0,274.0,133.0,274.0,148.0,250.0,148.0
208.0,136.0,232.0,136.0,232.0,147.0,208.0,147.0
356.12592,133.34917,420.4632,135.5677,419.9204,151.3076,355.58313,149.08907
330.0,135.0,351.0,135.0,351.0,150.0,330.0,150.0
459.0,137.0,466.0,137.0,466.0,150.0,459.0,150.0
272.0,140.0,281.0,140.0,281.0,149.0,272.0,149.0
426.0,139.0,452.0,139.0,452.0,150.0,426.0,150.0
484.0,137.0,582.0,137.0,582.0,152.0,484.0,152.0
282.0,137.0,326.0,137.0,326.0,153.0,282.0,153.0
466.0,139.0,477.0,139.0,477.0,152.0,466.0,152.0
583.0,139.0,603.0,139.0,603.0,154.0,583.0,154.0
236.0,154.0,257.0,154.0,257.0,169.0,236.0,169.0
264.0,154.0,335.0,154.0,335.0,169.0,264.0,169.0
206.29572,154.2685,235.61868,156.10117,234.77045,169.67316,205.44748,167.84048
423.0,157.0,451.0,157.0,451.0,172.0,423.0,172.0
505.0,158.0,526.0,158.0,526.0,173.0,505.0,173.0
342.6752,153.44806,417.68137,159.3696,416.20303,178.095,341.19687,172.17346
531.20337,156.44019,602.71277,160.52643,601.76733,177.07242,530.25793,172.98618
457.0,161.0,500.0,161.0,500.0,176.0,457.0,176.0
340.0957,174.87651,452.20892,176.62828,451.96118,192.48378,339.84796,190.73201
207.0,174.0,293.0,174.0,293.0,194.0,207.0,194.0
293.0,178.0,327.0,178.0,327.0,190.0,293.0,190.0
497.31158,176.1049,560.78534,181.18282,559.53253,196.8426,496.05878,191.7647
470.0,181.0,497.0,181.0,497.0,192.0,470.0,192.0
205.23352,199.26904,255.69038,195.66498,256.64975,209.09644,206.19289,212.7005
290.49142,191.77563,381.03238,198.92361,379.60568,216.99518,289.06473,209.8472
262.0,199.0,285.0,199.0,285.0,210.0,262.0,210.0
387.0,197.0,455.0,197.0,455.0,213.0,387.0,213.0
461.42026,197.27628,490.7432,199.10895,489.77042,214.67316,460.44748,212.84048
496.0,200.0,517.0,200.0,517.0,214.0,496.0,214.0
535.0,200.0,593.0,200.0,593.0,214.0,535.0,214.0
524.0,202.0,536.0,202.0,536.0,214.0,524.0,214.0
203.45773,216.07011,238.83917,214.46187,239.55258,230.15672,204.17114,231.76497
245.16315,215.10544,295.4406,216.78134,294.9123,232.6304,244.63483,230.9545
300.05478,219.26112,362.16995,220.50343,361.95602,231.19914,299.84085,229.95683
369.0,218.0,408.0,218.0,408.0,233.0,369.0,233.0
458.0,219.0,504.0,219.0,504.0,235.0,458.0,235.0
421.26395,221.30457,446.56345,223.11166,445.81216,233.62943,420.51266,231.82233
562.69305,220.0693,601.10895,223.91089,599.7426,237.57425,561.3267,233.73267
540.0,224.0,554.0,224.0,554.0,236.0,540.0,236.0
504.0,223.0,531.0,223.0,531.0,240.0,504.0,240.0
222.63852,237.07153,269.89816,235.63943,270.37708,251.44312,223.11743,252.87521
204.0,238.0,223.0,238.0,223.0,251.0,204.0,251.0
356.1917,237.67247,402.33118,239.07063,401.8697,254.29909,355.73022,252.90092
321.0,241.0,350.0,241.0,350.0,252.0,321.0,252.0
274.0,240.0,318.0,240.0,318.0,256.0,274.0,256.0
408.0,243.0,432.0,243.0,432.0,253.0,408.0,253.0
491.38052,239.29205,547.7301,243.04868,546.7655,257.5177,490.41592,253.76108
438.0,243.0,490.0,243.0,490.0,254.0,438.0,254.0
556.0,241.0,600.0,241.0,600.0,256.0,556.0,256.0
332.25742,257.42575,365.9208,260.79208,364.5842,274.15842,330.9208,270.79208
202.03452,255.82596,283.1728,257.11386,282.86197,276.6962,201.7237,275.4083
294.0,261.0,320.0,261.0,320.0,272.0,294.0,272.0
404.20694,257.86035,452.6359,260.2818,451.84787,276.04242,403.4189,273.62097
376.0,262.0,404.0,262.0,404.0,273.0,376.0,273.0
464.0,260.0,484.0,260.0,484.0,276.0,464.0,276.0
507.0,261.0,569.0,261.0,569.0,276.0,507.0,276.0
496.0,263.0,508.0,263.0,508.0,275.0,496.0,275.0
571.0,266.0,597.0,266.0,597.0,280.0,571.0,280.0
256.0,278.0,277.0,278.0,277.0,293.0,256.0,293.0
345.0,279.0,366.0,279.0,366.0,294.0,345.0,294.0
371.15204,278.59146,435.48932,280.80997,434.94775,296.5154,370.61047,294.2969
200.38911,281.2257,243.71986,278.51752,244.74709,294.9533,201.41634,297.6615
486.0,281.0,507.0,281.0,507.0,296.0,486.0,296.0
290.0,282.0,333.0,282.0,333.0,297.0,290.0,297.0
452.0,285.0,474.0,285.0,474.0,295.0,452.0,295.0
577.0,284.0,599.0,284.0,599.0,298.0,577.0,298.0
438.0,289.0,446.0,289.0,446.0,297.0,438.0,297.0
523.0,286.0,566.0,286.0,566.0,301.0,523.0,301.0
200.17903,295.48044,290.31842,297.62662,289.94733,313.21304,199.80794,311.06686
297.2478,298.2832,325.7876,300.18585,324.75665,315.65045,296.21686,313.7478
337.0,303.0,380.0,303.0,380.0,314.0,337.0,314.0
533.0,301.0,599.0,301.0,599.0,318.0,533.0,318.0
386.4512,304.7887,488.73892,300.19147,489.39963,314.8921,387.1119,319.48932
507.0,306.0,522.0,306.0,522.0,321.0,507.0,321.0
495.0,311.0,503.0,311.0,503.0,318.0,495.0,318.0
123.0,316.0,191.0,316.0,191.0,328.0,123.0,328.0
224.0,319.0,234.0,319.0,234.0,332.0,224.0,332.0
197.46906,322.03546,223.75223,320.28326,224.52213,331.8319,198.23895,333.5841
235.14905,320.57172,270.34338,322.10193,269.85092,333.42834,234.65659,331.89813
384.30002,320.1,434.46603,322.28116,433.86606,336.08115,383.70004,333.9
309.0,323.0,372.0,323.0,372.0,334.0,309.0,334.0
450.1929,320.29947,519.69543,325.26395,518.67004,339.6193,449.1675,334.65482
288.0,324.0,303.0,324.0,303.0,337.0,288.0,337.0
278.0,328.0,286.0,328.0,286.0,335.0,278.0,335.0
528.1837,321.59097,588.4956,324.10397,587.64636,344.48526,527.3345,341.97226
112.0,332.0,128.0,332.0,128.0,341.0,112.0,341.0
128.0,332.0,175.0,332.0,175.0,342.0,128.0,342.0
312.0,340.0,344.0,340.0,344.0,356.0,312.0,356.0
406.1931,339.663,472.3578,341.40414,471.91486,358.2346,405.75018,356.49344
198.77577,342.0306,304.85947,339.3785,305.28735,356.49283,199.20364,359.14493
495.0,343.0,504.0,343.0,504.0,356.0,495.0,356.0
351.13153,343.44928,394.29456,345.0479,393.90002,355.69995,350.737,354.10132
515.0,342.0,596.0,342.0,596.0,358.0,515.0,358.0
484.0,346.0,495.0,346.0,495.0,357.0,484.0,357.0
119.70271,345.78378,146.13515,350.18918,144.40541,360.56754,117.97298,356.16214
158.0,351.0,170.0,351.0,170.0,357.0,158.0,357.0
173.0,351.0,182.0,351.0,182.0,357.0,173.0,357.0
246.0,361.0,269.0,361.0,269.0,374.0,246.0,374.0
401.23773,360.08633,489.33508,362.43558,488.88635,379.26364,400.789,376.9144
275.3463,358.0434,398.51135,365.20416,397.4259,383.8736,274.26086,376.71283
198.0,363.0,241.0,363.0,241.0,379.0,198.0,379.0
495.0,363.0,514.0,363.0,514.0,379.0,495.0,379.0
521.1274,362.24765,586.274,363.47684,585.9587,380.1879,520.8121,378.9587
197.0,384.0,221.0,384.0,221.0,394.0,197.0,394.0
405.0,383.0,464.0,383.0,464.0,397.0,405.0,397.0
309.0,385.0,335.0,385.0,335.0,396.0,309.0,396.0
393.0,386.0,404.0,386.0,404.0,396.0,393.0,396.0
230.0,384.0,302.0,384.0,302.0,399.0,230.0,399.0
343.0,386.0,386.0,386.0,386.0,397.0,343.0,397.0
557.1751,384.19843,586.74713,386.0467,585.8327,400.67706,556.2607,398.8288
501.0,387.0,553.0,387.0,553.0,399.0,501.0,399.0
480.0,388.0,496.0,388.0,496.0,404.0,480.0,404.0
195.23897,399.416,223.7788,401.31863,222.81862,415.72128,194.2788,413.81863
233.0,401.0,253.0,401.0,253.0,416.0,233.0,416.0
266.28015,398.57663,356.56665,401.98367,355.91394,419.27982,265.62744,415.87277
377.0,406.0,417.0,406.0,417.0,417.0,377.0,417.0
418.31036,403.27594,476.6552,408.138,475.52417,421.7104,417.17932,416.84833
477.0,406.0,498.0,406.0,498.0,419.0,477.0,419.0
546.0,405.0,585.0,405.0,585.0,421.0,546.0,421.0
509.0,409.0,535.0,409.0,535.0,419.0,509.0,419.0
585.0,414.0,592.0,414.0,592.0,422.0,585.0,422.0
365.0,423.0,381.0,423.0,381.0,437.0,365.0,437.0
194.5145,424.04807,263.74002,420.67117,264.49728,436.19522,195.27176,439.5721
270.2964,420.22037,360.57178,424.84988,359.76917,440.501,269.49377,435.8715
419.0,423.0,437.0,423.0,437.0,438.0,419.0,438.0
383.0,423.0,406.0,423.0,406.0,439.0,383.0,439.0
436.27078,422.96945,475.5721,428.20963,473.7468,441.89957,434.44547,436.6594
583.0,426.0,592.0,426.0,592.0,439.0,583.0,439.0
531.3762,425.23764,561.97034,428.29703,560.6139,441.86136,530.0198,438.80197
572.0,429.0,584.0,429.0,584.0,440.0,572.0,440.0
480.0,429.0,519.0,429.0,519.0,443.0,480.0,443.0
205.36632,440.3366,248.93068,444.69305,247.48512,459.1485,203.92076,454.79205
273.36853,440.18207,323.81573,442.90894,322.917,459.536,272.4698,456.80914
193.0,443.0,206.0,443.0,206.0,457.0,193.0,457.0
328.29184,442.33078,356.80545,444.11288,355.83658,459.61484,327.32297,457.83273
256.0,446.0,270.0,446.0,270.0,456.0,256.0,456.0
360.0,444.0,381.0,444.0,381.0,459.0,360.0,459.0
386.0,443.0,476.0,443.0,476.0,460.0,386.0,460.0
481.0,445.0,502.0,445.0,502.0,459.0,481.0,459.0
524.99994,446.0,583.99994,446.0,583.99994,460.0,524.99994,460.0
513.0,448.0,525.0,448.0,525.0,459.0,513.0,459.0
194.0,462.0,235.0,462.0,235.0,478.0,194.0,478.0
243.33917,463.21698,302.4414,466.17212,301.75812,479.83795,242.65588,476.8828
532.1551,466.10934,592.2713,467.69138,591.90656,481.5502,531.79034,479.96817
314.08142,466.66055,385.1855,468.3948,384.83173,482.89835,313.72766,481.1641
397.2741,464.16245,469.7614,469.34012,468.60913,485.47208,396.12183,480.2944
478.0,469.0,522.0,469.0,522.0,484.0,478.0,484.0
194.0,484.0,224.0,484.0,224.0,498.0,194.0,498.0
229.0381,486.48544,304.15723,487.62363,303.98303,499.121,228.8639,497.98282
322.0,488.0,357.0,488.0,357.0,499.0,322.0,499.0
450.0,486.0,500.0,486.0,500.0,501.0,450.0,501.0
304.0,488.0,318.0,488.0,318.0,501.0,304.0,501.0
362.17114,488.32297,442.5426,483.452,443.59656,500.84268,363.2251,505.71365
500.40057,483.992,591.8553,491.3084,590.3609,509.98883,498.9062,502.67242
284.56448,504.49792,327.842,503.10187,328.3524,518.92413,285.07486,520.3202
338.0,509.0,364.0,509.0,364.0,520.0,338.0,520.0
450.23047,505.00885,540.48157,508.48004,539.8686,524.418,449.6175,520.94684
193.0,507.0,279.0,507.0,279.0,524.0,193.0,524.0
377.20483,505.38867,438.76733,510.21704,437.24042,529.68555,375.67792,524.8572
194.0,524.0,266.0,524.0,266.0,540.0,194.0,540.0
269.0,524.0,292.0,524.0,292.0,540.0,269.0,540.0
354.0,526.0,363.0,526.0,363.0,539.0,354.0,539.0
298.32996,525.38074,349.7107,529.0508,348.75128,542.4823,297.37054,538.81226
364.11673,528.3654,389.62943,530.1878,388.81723,541.5584,363.30453,539.736
397.0,530.0,460.0,530.0,460.0,541.0,397.0,541.0
468.0,528.0,487.0,528.0,487.0,543.0,468.0,543.0
546.0,529.0,566.0,529.0,566.0,543.0,546.0,543.0
493.0,532.0,536.0,532.0,536.0,542.0,493.0,542.0
566.0,531.0,588.0,531.0,588.0,543.0,566.0,543.0
192.0,545.0,220.0,545.0,220.0,561.0,192.0,561.0
226.0,545.0,256.0,545.0,256.0,561.0,226.0,561.0
408.0,547.0,417.0,547.0,417.0,561.0,408.0,561.0
260.0913,544.50635,365.17596,545.6362,364.9666,565.10706,259.88196,563.9772
370.0,551.0,393.0,551.0,393.0,562.0,370.0,562.0
423.0893,546.6076,536.35297,549.5882,535.91003,566.41864,422.64636,563.43805
396.0,551.0,408.0,551.0,408.0,563.0,396.0,563.0
544.0,548.0,589.0,548.0,589.0,570.0,544.0,570.0
536.0,556.0,544.0,556.0,544.0,565.0,536.0,565.0
550.0,576.0,588.0,576.0,588.0,592.0,550.0,592.0
