272.0,45.0,282.0,45.0,282.0,59.0,272.0,59.0
253.0,46.0,271.0,46.0,271.0,61.0,253.0,61.0
154.99997,46.999996,244.99997,46.999996,244.99997,60.999996,154.99997,60.999996
282.0,46.0,354.0,46.0,354.0,63.0,282.0,63.0
429.0,69.0,451.0,69.0,451.0,83.0,429.0,83.0
381.71313,73.10603,423.92725,71.74429,424.30768,83.53847,382.09357,84.90021
288.0,72.0,297.0,72.0,297.0,85.0,288.0,85.0
298.0,74.0,321.0,74.0,321.0,85.0,298.0,85.0
178.0,73.0,239.0,73.0,239.0,87.0,178.0,87.0
326.23352,74.269035,370.64978,71.09644,371.76147,86.65989,327.3452,89.83248
142.0,73.0,176.0,73.0,176.0,88.0,142.0,88.0
56.52941,75.882355,125.65893,72.66704,126.36697,87.88992,57.23745,91.10524
263.0,76.0,277.0,76.0,277.0,91.0,263.0,91.0
357.0,90.0,453.0,90.0,453.0,106.0,357.0,106.0
332.0,91.0,352.0,91.0,352.0,106.0,332.0,106.0
106.79733,94.52185,250.90009,92.35489,251.1351,107.98294,107.03235,110.1499
274.27957,90.73826,328.8217,95.41329,327.31442,112.998375,272.7723,108.32334
57.0,95.0,94.0,95.0,94.0,111.0,57.0,111.0
256.0,97.0,270.0,97.0,270.0,112.0,256.0,112.0
94.0,104.0,102.0,104.0,102.0,112.0,94.0,112.0
384.0,111.0,455.0,111.0,455.0,130.0,384.0,130.0
337.0,116.0,373.0,116.0,373.0,126.0,337.0,126.0
140.07593,113.81134,192.26062,115.05383,191.92407,129.18867,139.73938,127.94618
209.30385,114.22652,259.53314,116.87016,258.81488,130.51657,208.58562,127.872925
57.376114,115.35842,86.84514,117.32301,85.81859,132.72125,56.349564,130.75665
98.0,119.0,139.0,119.0,139.0,130.0,98.0,130.0
262.0,117.0,301.0,117.0,301.0,133.0,262.0,133.0
368.18024,131.67418,401.4558,133.06065,400.90466,146.28767,367.6291,144.9012
336.0,132.0,364.0,132.0,364.0,147.0,336.0,147.0
257.0,135.0,326.0,135.0,326.0,148.0,257.0,148.0
413.0,135.0,456.0,135.0,456.0,151.0,413.0,151.0
59.0,140.0,122.0,140.0,122.0,151.0,59.0,151.0
137.05347,137.52391,235.12256,139.03267,234.84784,156.88997,136.77875,155.38121
377.0,152.0,398.0,152.0,398.0,167.0,377.0,167.0
315.0,152.0,364.0,152.0,364.0,168.0,315.0,168.0
285.0,154.0,308.0,154.0,308.0,169.0,285.0,169.0
406.2684,157.22523,454.97964,150.06181,457.37595,166.35649,408.6647,173.51991
221.77676,155.62436,272.84305,154.40851,273.1898,168.97168,222.1235,170.18753
196.0,155.0,211.0,155.0,211.0,170.0,196.0,170.0
172.0,159.0,195.0,159.0,195.0,170.0,172.0,170.0
59.861515,161.02971,158.9674,159.65324,159.12805,171.22044,60.022156,172.59691
448.0,176.0,457.0,176.0,457.0,186.0,448.0,186.0
298.0,174.0,314.0,174.0,314.0,189.0,298.0,189.0
351.47528,173.24753,382.8614,176.38614,381.51483,189.8515,350.12872,186.71289
391.77386,177.0506,446.9272,175.79712,447.18018,186.92773,392.02686,188.18121
231.0,175.0,294.0,175.0,294.0,191.0,231.0,191.0
94.17851,176.71576,127.49567,178.10397,126.90468,192.28769,93.587524,190.89948
134.0593,175.7974,222.21426,177.4299,221.9119,193.75763,133.75693,192.12512
333.0,178.0,348.0,178.0,348.0,193.0,333.0,193.0
61.167316,177.32297,89.743195,179.10895,88.77432,194.6109,60.198444,192.82492
318.0,185.0,327.0,185.0,327.0,192.0,318.0,192.0
365.14157,199.2687,455.5231,192.03818,456.69003,206.62482,366.3085,213.85535
322.28714,194.12872,355.95053,197.49506,354.4951,212.0495,320.8317,208.68317
214.70686,201.08495,254.87398,199.59727,255.2726,210.36028,215.10548,211.84795
98.0,199.0,119.0,199.0,119.0,213.0,98.0,213.0
130.0,201.0,192.0,201.0,192.0,212.0,130.0,212.0
267.29947,201.19289,310.79184,198.08629,311.84262,212.79695,268.35025,215.90355
61.0,202.0,87.0,202.0,87.0,213.0,61.0,213.0
396.22757,213.13104,451.56552,216.3862,450.6414,232.09656,395.30344,228.8414
366.34943,219.62007,395.43237,215.74236,397.53717,231.52837,368.45422,235.40608
61.0,219.0,83.0,219.0,83.0,234.0,61.0,234.0
148.6566,222.10187,182.85283,220.61508,183.36037,232.28867,149.16414,233.77545
196.0268,216.72972,356.0816,218.04164,355.91058,238.9091,195.85577,237.59718
95.71208,223.07385,139.8919,221.64868,140.3867,236.98755,96.20688,238.41272
394.16693,234.6603,458.34125,237.12852,457.77698,251.79912,393.60266,249.33089
186.0,238.0,205.0,238.0,205.0,253.0,186.0,253.0
204.0,238.0,248.0,238.0,248.0,254.0,204.0,254.0
261.0,241.0,320.0,241.0,320.0,252.0,261.0,252.0
339.30963,240.33502,383.7259,237.16245,384.8376,252.72589,340.42133,255.89847
64.0,239.0,117.0,239.0,117.0,255.0,64.0,255.0
117.561646,243.1644,172.85617,241.11646,173.42056,256.3548,118.12604,258.40274
326.0,246.0,335.0,246.0,335.0,254.0,326.0,254.0
432.0,255.0,461.0,255.0,461.0,270.0,432.0,270.0
346.79047,255.84843,429.88647,254.41576,430.17145,270.9453,347.07544,272.378
303.0,257.0,337.0,257.0,337.0,272.0,303.0,272.0
171.70956,260.38232,260.85385,258.1537,261.22424,272.96942,172.07996,275.19806
138.23894,258.41592,166.84514,260.32303,165.81859,275.72128,137.21239,273.81418
269.43146,263.04062,294.802,261.22842,295.56342,271.88834,270.19287,273.70053
62.81427,265.364,132.33209,259.31897,133.76549,275.80304,64.247665,281.84808
378.0,277.0,395.0,277.0,395.0,292.0,378.0,292.0
395.02457,279.2705,453.27048,273.9754,455.041,293.4508,396.79507,298.7459
241.3186,279.22125,269.79205,281.1195,268.82303,295.6549,240.34958,293.75665
276.0,283.0,304.0,283.0,304.0,293.0,276.0,293.0
149.10945,279.48303,206.52266,281.97925,205.85472,297.3415,148.44151,294.84528
63.0,282.0,72.0,282.0,72.0,295.0,63.0,295.0
311.08865,278.6957,373.3043,281.0886,372.56577,300.291,310.35013,297.8981
72.0,284.0,84.0,284.0,84.0,295.0,72.0,295.0
85.0,284.0,95.0,284.0,95.0,295.0,85.0,295.0
100.0,284.0,147.0,284.0,147.0,295.0,100.0,295.0
220.0,284.0,234.0,284.0,234.0,299.0,220.0,299.0
206.0,289.0,214.0,289.0,214.0,297.0,206.0,297.0
427.0,299.0,463.0,299.0,463.0,310.0,427.0,310.0
364.71902,297.7932,421.9059,296.57648,422.2335,311.97375,365.0466,313.1905
329.32758,299.43103,357.58276,301.09308,356.85175,313.5207,328.59656,311.85864
162.55835,302.51703,240.8656,299.5052,241.47418,315.32794,163.16693,318.33978
276.72318,303.8834,323.60043,296.32254,326.4706,314.11765,279.59335,321.6785
65.0,302.0,87.0,302.0,87.0,317.0,65.0,317.0
93.999985,304.99997,156.99998,304.99997,156.99998,315.99997,93.999985,315.99997
259.0,304.0,274.0,304.0,274.0,319.0,259.0,319.0
360.0,317.0,466.0,317.0,466.0,336.0,360.0,336.0
348.0,320.0,357.0,320.0,357.0,334.0,348.0,334.0
269.66336,320.53342,340.84384,318.75388,341.23734,334.49405,270.05685,336.2736
218.0,321.0,259.0,321.0,259.0,335.0,218.0,335.0
120.69972,322.3881,172.86061,321.14615,173.21303,335.9473,121.05214,337.18924
66.0,322.0,118.0,322.0,118.0,337.0,66.0,337.0
179.0,326.0,206.0,326.0,206.0,336.0,179.0,336.0
334.99997,338.99997,420.99997,338.99997,420.99997,357.99997,334.99997,357.99997
426.21243,342.1859,463.84518,339.67706,464.88058,355.208,427.24783,357.71686
211.0,341.0,293.0,341.0,293.0,357.0,211.0,357.0
299.31766,345.1294,324.78238,343.1706,325.6,353.8,300.13528,355.7588
67.0,341.0,81.0,341.0,81.0,358.0,67.0,358.0
140.1712,341.2607,168.74707,343.04672,167.7782,358.54868,139.20233,356.76266
174.10565,341.56985,206.52264,342.97928,205.8547,358.34152,173.43771,356.9321
81.11869,342.56674,135.4285,345.21597,134.51337,363.97623,80.20356,361.327
407.0,358.0,429.0,358.0,429.0,374.0,407.0,374.0
288.77225,359.84137,373.85928,358.10492,374.20236,374.91425,289.11533,376.6507
432.0,362.0,456.0,362.0,456.0,373.0,432.0,373.0
248.0,362.0,281.0,362.0,281.0,377.0,248.0,377.0
216.3345,361.3138,245.64484,363.03793,244.7345,378.51382,215.42416,376.7897
92.0,363.0,208.0,363.0,208.0,378.0,92.0,378.0
388.0,363.0,402.0,363.0,402.0,378.0,388.0,378.0
67.0,364.0,88.0,364.0,88.0,378.0,67.0,378.0
374.0,369.0,380.0,369.0,380.0,375.0,374.0,375.0
376.0,378.0,402.0,378.0,402.0,394.0,376.0,394.0
402.0,379.0,469.0,379.0,469.0,394.0,402.0,394.0
355.0,380.0,375.0,380.0,375.0,395.0,355.0,395.0
285.65173,381.4192,337.8482,380.0808,338.25555,395.96777,286.05908,397.30615
246.2759,386.31036,271.76553,384.18622,272.7173,395.60693,247.22763,397.73108
69.51466,385.4102,193.7134,380.97452,194.31721,397.8815,70.118484,402.31717
206.29948,387.19287,232.73604,385.30457,233.62437,397.7411,207.18782,399.6294
448.0,398.0,468.0,398.0,468.0,414.0,448.0,414.0
312.0,404.0,324.0,404.0,324.0,415.0,312.0,415.0
325.0,404.0,382.0,404.0,382.0,415.0,325.0,415.0
391.02972,404.29706,442.7129,399.12872,444.42578,416.25745,392.7426,421.42578
71.0,403.0,172.0,403.0,172.0,419.0,71.0,419.0
218.82437,406.04266,281.95697,404.80475,282.17566,415.95734,219.04306,417.19525
290.0,402.0,312.0,402.0,312.0,422.0,290.0,422.0
191.0,407.0,213.0,407.0,213.0,418.0,191.0,418.0
427.0,423.0,468.0,423.0,468.0,434.0,427.0,434.0
234.0,423.0,301.0,423.0,301.0,437.0,234.0,437.0
377.6603,424.14963,420.8848,422.65915,421.37766,436.95248,378.15317,438.44296
71.0,423.0,103.0,423.0,103.0,440.0,71.0,440.0
102.0,423.0,152.0,423.0,152.0,440.0,102.0,440.0
159.0,424.0,187.0,424.0,187.0,439.0,159.0,439.0
190.22763,423.269,224.98624,426.16556,223.77243,440.73105,189.01382,437.8345
321.02353,426.30585,370.65292,422.48822,371.85294,438.0882,322.22354,441.90582
308.0,432.0,315.0,432.0,315.0,438.0,308.0,438.0
383.0,441.0,460.0,441.0,460.0,455.0,383.0,455.0
352.0,441.0,373.0,441.0,373.0,457.0,352.0,457.0
255.0,443.0,296.0,443.0,296.0,458.0,255.0,458.0
158.0,444.0,210.0,444.0,210.0,460.0,158.0,460.0
217.0,444.0,248.0,444.0,248.0,460.0,217.0,460.0
73.04906,444.86017,148.17134,446.03394,147.95119,460.12427,72.8289,458.9505
297.0,446.0,344.0,446.0,344.0,461.0,297.0,461.0
420.0,461.0,461.0,461.0,461.0,480.0,420.0,480.0
309.43066,467.2318,416.56335,460.27515,417.58453,476.00104,310.45184,482.9577
228.0,464.0,298.0,464.0,298.0,480.0,228.0,480.0
74.0,466.0,94.0,466.0,94.0,481.0,74.0,481.0
95.0,467.0,113.0,467.0,113.0,480.0,95.0,480.0
113.0,466.0,150.0,466.0,150.0,481.0,113.0,481.0
150.0,469.0,173.0,469.0,173.0,480.0,150.0,480.0
179.37563,470.2589,222.79695,467.1574,223.8477,481.86804,180.42638,484.96954
351.69397,482.75766,417.82764,481.10434,418.2486,497.94382,352.11493,499.59714
310.0,483.0,346.0,483.0,346.0,500.0,310.0,500.0
421.44028,488.33432,461.26633,478.7761,465.21487,495.22842,425.38882,504.78665
257.0,485.0,305.0,485.0,305.0,500.0,257.0,500.0
231.0,486.0,252.0,486.0,252.0,500.0,231.0,500.0
74.0,489.0,168.0,489.0,168.0,501.0,74.0,501.0
184.64842,490.15543,227.91466,488.6102,228.49556,504.87515,185.22932,506.42038
434.33795,502.2552,464.58624,504.0345,463.7276,518.63104,433.4793,516.85175
377.19797,503.2284,432.62943,507.1878,431.52792,522.60913,376.09647,518.6497
325.0,508.0,364.0,508.0,364.0,519.0,325.0,519.0
193.71346,506.5305,317.90234,504.07126,318.23633,520.9359,194.04742,523.39514
76.30531,505.42035,104.84514,507.32306,103.81859,522.72125,75.27876,520.81854
111.0,508.0,149.0,508.0,149.0,524.0,111.0,524.0
153.0,511.0,193.0,511.0,193.0,522.0,153.0,522.0
392.49283,525.8412,462.8928,522.64124,463.54227,536.92993,393.1423,540.1299
279.0,526.0,381.0,526.0,381.0,540.0,279.0,540.0
77.0,526.0,92.0,526.0,92.0,541.0,77.0,541.0
166.0,527.0,194.0,527.0,194.0,543.0,166.0,543.0
135.0,528.0,161.0,528.0,161.0,543.0,135.0,543.0
200.0,528.0,232.0,528.0,232.0,543.0,200.0,543.0
92.12183,529.29443,115.573616,530.9696,114.751274,542.4823,91.29949,540.8071
239.0,531.0,266.0,531.0,266.0,542.0,239.0,542.0
361.0,546.0,381.0,546.0,381.0,561.0,361.0,561.0
388.8577,548.034,471.94785,546.71515,472.18057,561.3781,389.09042,562.69696
78.0,548.0,113.0,548.0,113.0,563.0,78.0,563.0
120.384964,547.2257,148.85841,549.1239,147.82301,564.6549,119.34956,562.7567
155.0,548.0,249.0,548.0,249.0,564.0,155.0,564.0
268.0,551.0,351.0,551.0,351.0,567.0,268.0,567.0
425.0,574.0,482.0,574.0,482.0,585.0,425.0,585.0
