198.0,41.0,227.0,41.0,227.0,54.0,198.0,54.0
305.0,41.0,326.0,41.0,326.0,55.0,305.0,55.0
328.11276,40.264587,397.2878,41.911613,396.91385,57.616997,327.7388,55.96997
404.09784,41.626026,502.30518,44.472614,501.85693,59.937885,403.6496,57.091297
319.0,66.0,390.0,66.0,390.0,83.0,319.0,83.0
244.0,67.0,300.0,67.0,300.0,83.0,244.0,83.0
392.2162,70.2973,416.05402,66.324326,418.54053,81.24324,394.7027,85.21622
467.13147,67.581985,520.43726,69.6322,519.8479,84.95569,466.5421,82.90547
524.0,68.0,537.0,68.0,537.0,83.0,524.0,83.0
543.0,68.0,563.0,68.0,563.0,84.0,543.0,84.0
202.0,69.0,240.0,69.0,240.0,82.0,202.0,82.0
564.0,69.0,574.0,69.0,574.0,83.0,564.0,83.0
307.0,70.0,319.0,70.0,319.0,83.0,307.0,83.0
419.0,70.0,462.0,70.0,462.0,88.0,419.0,88.0
575.0,72.0,599.0,72.0,599.0,83.0,575.0,83.0
380.27927,86.577354,430.57547,88.76415,429.86795,105.03774,379.57175,102.850945
200.0,88.0,253.0,88.0,253.0,104.0,200.0,104.0
294.0,88.0,370.0,88.0,370.0,104.0,294.0,104.0
493.45013,86.57274,536.7758,89.19853,535.7255,106.52881,492.39984,103.903015
261.0,89.0,283.0,89.0,283.0,104.0,261.0,104.0
540.3847,94.07693,586.0462,88.36924,588.0616,104.49232,542.4001,110.200005
444.0,92.0,483.0,92.0,483.0,103.0,444.0,103.0
356.2079,107.55511,455.39496,110.75469,454.88458,126.57694,355.6975,123.37736
298.0,109.0,324.0,109.0,324.0,124.0,298.0,124.0
328.0,109.0,351.0,109.0,351.0,124.0,328.0,124.0
469.13608,108.00618,541.4866,111.294846,540.76697,127.12578,468.41647,123.83711
211.0,110.0,220.0,110.0,220.0,124.0,211.0,124.0
218.78377,112.70271,255.59459,106.56758,258.54053,124.243256,221.72972,130.37839
561.0,110.0,590.0,110.0,590.0,125.0,561.0,125.0
200.0,112.0,212.0,112.0,212.0,125.0,200.0,125.0
285.0,112.0,298.0,112.0,298.0,125.0,285.0,125.0
269.0,113.0,283.0,113.0,283.0,126.0,269.0,126.0
423.15073,127.38913,533.3253,129.5708,532.9779,147.11838,422.80325,144.9367
279.11975,128.64714,381.4535,132.30193,380.9452,146.53377,278.61145,142.87898
406.0,130.0,422.0,130.0,422.0,144.0,406.0,144.0
540.0,130.0,560.0,130.0,560.0,145.0,540.0,145.0
560.33276,130.11533,599.19995,134.6,596.9751,153.88174,558.1079,149.39706
201.0,133.0,263.0,133.0,263.0,144.0,201.0,144.0
383.0,134.0,399.0,134.0,399.0,149.0,383.0,149.0
400.0,150.0,420.0,150.0,420.0,166.0,400.0,166.0
201.0,151.0,209.0,151.0,209.0,164.0,201.0,164.0
233.12541,152.56818,327.38522,146.85547,328.41724,163.88382,234.15744,169.59653
425.0,151.0,487.0,151.0,487.0,165.0,425.0,165.0
562.973,155.83783,598.4866,149.91891,601.2704,166.62161,565.75684,172.54053
497.96347,154.74812,565.6238,149.82738,566.8523,166.71983,499.19202,171.64058
210.0,153.0,222.0,153.0,222.0,165.0,210.0,165.0
346.22842,155.19797,390.57358,152.03046,391.68527,167.5939,347.34012,170.76141
333.0,160.0,341.0,160.0,341.0,166.0,333.0,166.0
401.25226,170.21683,429.85846,172.1239,428.82306,187.65488,400.21686,185.7478
200.15077,171.28615,229.56001,172.92,228.7477,187.54155,199.33846,185.9077
434.18518,174.94577,515.60724,170.22565,516.5744,186.90872,435.15234,191.62885
533.0,172.0,560.0,172.0,560.0,187.0,533.0,187.0
571.25226,172.21684,599.72565,174.11507,598.75665,188.65047,570.28326,186.75224
327.834,175.04012,390.96054,173.87111,391.19882,186.73708,328.0723,187.90608
239.47963,176.07242,282.85745,174.0068,283.59277,189.44797,240.21494,191.51358
294.0,175.0,319.0,175.0,319.0,185.0,294.0,185.0
329.0851,189.23366,428.2499,191.00447,427.9515,207.71342,328.7867,205.94261
309.0,191.0,326.0,191.0,326.0,206.0,309.0,206.0
239.98401,194.91202,263.216,190.68802,265.872,205.29602,242.64001,209.52002
268.0,192.0,296.0,192.0,296.0,207.0,268.0,207.0
200.33609,192.30331,232.61478,195.23773,231.39346,208.67215,199.11478,205.73773
484.0,193.0,493.0,193.0,493.0,206.0,484.0,206.0
493.74246,193.66496,550.8721,192.36656,551.2035,206.94994,494.07385,208.24834
448.6291,196.09877,483.85956,194.63084,484.34485,206.2773,449.11438,207.74522
559.0,197.0,598.0,197.0,598.0,211.0,559.0,211.0
332.11432,210.57047,390.4162,212.51385,389.87567,228.72919,331.5738,226.7858
199.79733,213.24486,297.8889,211.55363,298.16943,227.82466,200.07788,229.51588
304.0,212.0,325.0,212.0,325.0,228.0,304.0,228.0
440.30048,211.29465,487.04718,215.08493,485.87372,229.55734,439.127,225.76706
400.0,214.0,411.0,214.0,411.0,226.0,400.0,226.0
415.0,216.0,438.0,216.0,438.0,226.0,415.0,226.0
547.0,216.0,587.0,216.0,587.0,227.0,547.0,227.0
493.0,217.0,542.0,217.0,542.0,231.0,493.0,231.0
439.21173,231.22536,482.45074,232.57658,481.9278,249.31023,438.68878,247.959
202.16496,232.61778,293.3869,237.06764,292.66406,251.88603,201.44212,247.43617
543.1684,237.68314,586.8317,233.3168,588.1783,246.78217,544.51495,251.1485
304.0,236.0,330.0,236.0,330.0,247.0,304.0,247.0
340.0,236.0,433.0,236.0,433.0,248.0,340.0,248.0
494.0,237.0,538.0,237.0,538.0,253.0,494.0,253.0
202.0,253.0,265.0,253.0,265.0,269.0,202.0,269.0
302.0,253.0,323.0,253.0,323.0,268.0,302.0,268.0
323.0,253.0,333.0,253.0,333.0,267.0,323.0,267.0
404.3142,252.28763,432.78766,254.18588,431.75226,269.71683,403.2788,267.81857
459.56097,250.95122,519.37805,257.59756,517.5244,274.28046,457.70734,267.63412
269.0,254.0,298.0,254.0,298.0,269.0,269.0,269.0
523.31866,253.22124,552.78766,255.18585,551.75226,270.7168,522.28326,268.7522
334.0,257.0,357.0,257.0,357.0,268.0,334.0,268.0
361.0,257.0,396.0,257.0,396.0,268.0,361.0,268.0
436.0,257.0,459.0,257.0,459.0,268.0,436.0,268.0
555.0,258.0,599.0,258.0,599.0,273.0,555.0,273.0
408.385,273.2257,437.78766,275.1859,436.75226,290.71686,407.3496,288.75665
203.2207,274.2483,250.58621,277.0345,249.72415,291.68964,202.35864,288.90344
300.0,278.0,324.0,278.0,324.0,288.0,300.0,288.0
335.0,278.0,398.0,278.0,398.0,292.0,335.0,292.0
444.0,278.0,560.0,278.0,560.0,289.0,444.0,289.0
565.0,278.0,596.0,278.0,596.0,289.0,565.0,289.0
252.0,279.0,290.0,279.0,290.0,295.0,252.0,295.0
203.49594,294.3872,270.71783,299.42883,269.243,319.0932,202.02112,314.05157
278.0,298.0,299.0,298.0,299.0,309.0,278.0,309.0
408.0,298.0,428.0,298.0,428.0,311.0,408.0,311.0
233.0,316.0,265.0,316.0,265.0,331.0,233.0,331.0
334.0,316.0,365.0,316.0,365.0,332.0,334.0,332.0
480.0,316.0,494.0,316.0,494.0,332.0,480.0,332.0
495.0,315.0,517.0,315.0,517.0,332.0,495.0,332.0
518.5227,318.97513,587.7942,315.67648,588.4729,329.9299,519.2014,333.22855
270.0,317.0,301.0,317.0,301.0,332.0,270.0,332.0
308.0,319.0,333.0,319.0,333.0,331.0,308.0,331.0
379.0,320.0,474.0,320.0,474.0,331.0,379.0,331.0
203.44566,337.14218,243.86101,335.52554,244.53035,352.25876,204.115,353.8754
290.3142,335.28766,354.6947,339.5797,353.72565,354.1151,289.34515,349.82306
369.0,336.0,471.0,336.0,471.0,351.0,369.0,351.0
487.0,336.0,501.0,336.0,501.0,352.0,487.0,352.0
510.8421,337.0501,595.86835,335.7005,596.1789,355.26703,511.15265,356.61664
250.0,337.0,285.0,337.0,285.0,352.0,250.0,352.0
271.72772,356.57117,338.93024,355.30322,339.24414,371.93878,272.04163,373.20673
398.41248,359.89944,508.72095,355.30325,509.45056,372.81454,399.1421,377.41074
517.1925,360.93692,579.8502,353.418,582.0364,371.63565,519.37866,379.15457
204.0,358.0,224.0,358.0,224.0,373.0,204.0,373.0
224.0,360.0,251.0,360.0,251.0,372.0,224.0,372.0
351.0,360.0,390.0,360.0,390.0,371.0,351.0,371.0
300.30975,376.35406,347.7655,379.51776,346.7301,395.0487,299.27435,391.885
518.3783,382.2921,592.7014,376.29828,593.8645,390.72058,519.5414,396.71442
202.79846,378.51233,286.89542,377.03693,287.17477,392.96185,203.07782,394.43726
451.15958,378.4995,507.63162,382.10413,506.5969,398.3147,450.12485,394.71008
349.0,382.0,386.0,382.0,386.0,397.0,349.0,397.0
399.0,382.0,442.0,382.0,442.0,397.0,399.0,397.0
514.0,397.0,537.0,397.0,537.0,413.0,514.0,413.0
275.0,398.0,350.0,398.0,350.0,414.0,275.0,414.0
357.3142,397.28766,386.71686,399.24786,385.6859,414.71246,356.28326,412.75226
391.0,398.0,413.0,398.0,413.0,412.0,391.0,412.0
425.0,402.0,467.0,402.0,467.0,413.0,425.0,413.0
549.0,402.0,597.0,402.0,597.0,413.0,549.0,413.0
203.0,403.0,236.0,403.0,236.0,414.0,203.0,414.0
253.0,403.0,269.0,403.0,269.0,419.0,253.0,419.0
487.0,404.0,501.0,404.0,501.0,418.0,487.0,418.0
243.0,407.0,252.0,407.0,252.0,416.0,243.0,416.0
449.0,419.0,552.0,419.0,552.0,434.0,449.0,434.0
309.72177,423.11575,405.9196,419.72055,406.39316,433.13913,310.19534,436.53433
407.21014,421.16376,443.75037,423.87042,442.88818,435.51025,406.34796,432.8036
556.0,422.0,597.0,422.0,597.0,433.0,556.0,433.0
204.0,423.0,243.0,423.0,243.0,434.0,204.0,434.0
247.806,425.57553,302.69473,421.18442,305.09854,451.2321,250.20981,455.6232
265.70932,442.25336,342.342,435.972,343.85562,454.4381,267.22293,460.71948
209.87056,445.31763,249.78822,442.247,251.05882,458.76465,211.14116,461.83527
400.2841,458.45526,428.85995,460.24127,427.83658,476.6148,399.2607,474.8288
455.75098,460.04684,529.8438,458.5032,530.269,478.91104,456.17615,480.45468
533.269,462.76648,597.79694,458.15735,598.9086,473.72083,534.3807,478.32996
294.29962,459.2062,340.74323,462.10892,339.72375,478.4202,293.28015,475.5175
340.0,460.0,396.0,460.0,396.0,476.0,340.0,476.0
431.0,460.0,453.0,460.0,453.0,475.0,431.0,475.0
234.0,461.0,250.0,461.0,250.0,475.0,234.0,475.0
257.0,461.0,287.0,461.0,287.0,476.0,257.0,476.0
524.2872,479.12872,559.1386,482.6139,557.68317,497.16833,522.8317,493.68317
452.0,481.0,516.0,481.0,516.0,495.0,452.0,495.0
564.0,481.0,588.0,481.0,588.0,495.0,564.0,495.0
224.0,482.0,280.0,482.0,280.0,497.0,224.0,497.0
288.59436,479.88663,371.56757,485.29794,370.34216,504.08762,287.36896,498.6763
203.0,484.0,222.0,484.0,222.0,496.0,203.0,496.0
409.0,485.0,450.0,485.0,450.0,501.0,409.0,501.0
386.0,486.0,402.0,486.0,402.0,501.0,386.0,501.0
480.0,500.0,545.0,500.0,545.0,516.0,480.0,516.0
203.0,502.0,278.0,502.0,278.0,518.0,203.0,518.0
283.0,502.0,320.0,502.0,320.0,518.0,283.0,518.0
326.0,502.0,406.0,502.0,406.0,516.0,326.0,516.0
412.0,502.0,435.0,502.0,435.0,517.0,412.0,517.0
545.0,504.0,568.0,504.0,568.0,516.0,545.0,516.0
574.0,504.0,598.0,504.0,598.0,515.0,574.0,515.0
447.0,505.0,473.0,505.0,473.0,515.0,447.0,515.0
504.0,521.0,554.0,521.0,554.0,537.0,504.0,537.0
587.0,521.0,596.0,521.0,596.0,535.0,587.0,535.0
203.0,523.0,330.0,523.0,330.0,543.0,203.0,543.0
372.0,523.0,462.0,523.0,462.0,537.0,372.0,537.0
471.40717,526.10626,496.8275,524.41156,497.58856,535.82745,472.1682,537.52216
575.0,525.0,586.0,525.0,586.0,535.0,575.0,535.0
339.36548,527.11676,364.80713,525.2995,365.62946,536.8122,340.1878,538.62946
561.0,531.0,568.0,531.0,568.0,537.0,561.0,537.0
517.0829,539.6053,581.2864,540.8167,580.959,558.169,516.7555,556.9576
411.0,542.0,464.0,542.0,464.0,558.0,411.0,558.0
475.0,543.0,518.0,543.0,518.0,558.0,475.0,558.0
201.0,544.0,224.0,544.0,224.0,559.0,201.0,559.0
351.0,544.0,363.0,544.0,363.0,558.0,351.0,558.0
272.1236,544.4781,347.3117,547.1163,346.69257,564.76117,271.50446,562.123
584.0,546.0,596.0,546.0,596.0,561.0,584.0,561.0
230.0,547.0,272.0,547.0,272.0,561.0,230.0,561.0
369.0,547.0,410.0,547.0,410.0,558.0,369.0,558.0
551.54333,572.53174,592.12134,566.28894,594.9652,584.77454,554.3872,591.01733
