271.0,42.0,352.0,42.0,352.0,57.0,271.0,57.0
171.70287,43.33255,243.88615,41.763344,244.20879,56.604156,172.0255,58.173363
252.0,43.0,270.0,43.0,270.0,56.0,252.0,56.0
149.0,44.0,170.0,44.0,170.0,59.0,149.0,59.0
373.5926,81.113014,429.88892,79.66952,430.39612,99.45138,374.0998,100.894875
251.0,83.0,315.0,83.0,315.0,103.0,251.0,103.0
330.0,83.0,356.0,83.0,356.0,101.0,330.0,101.0
430.0,86.0,447.0,86.0,447.0,100.0,430.0,100.0
51.0,88.0,145.0,88.0,145.0,112.0,51.0,112.0
185.25174,92.27932,234.84485,89.36208,235.98624,108.765526,186.39313,111.68276
146.0,92.0,172.0,92.0,172.0,105.0,146.0,105.0
334.04938,107.3927,370.32617,116.03003,364.84332,139.05794,328.56653,130.42061
369.0,117.0,383.0,117.0,383.0,130.0,369.0,130.0
117.0,118.0,213.0,118.0,213.0,136.0,117.0,136.0
237.0,119.0,255.0,119.0,255.0,132.0,237.0,132.0
383.4825,131.28017,442.751,134.98445,441.71597,151.54475,382.44748,147.84047
162.0,143.0,213.0,143.0,213.0,163.0,162.0,163.0
301.36465,143.2588,347.17056,146.78233,345.80588,164.52351,299.99997,160.99998
216.11435,148.4553,268.51144,150.14552,267.8545,170.51143,215.4574,168.82121
270.0,149.0,300.0,149.0,300.0,162.0,270.0,162.0
370.15338,156.16614,407.29395,157.65176,406.86584,168.35464,369.72528,166.86902
334.0,191.0,343.0,191.0,343.0,205.0,334.0,205.0
226.0,191.99998,280.0,191.99998,280.0,206.99998,226.0,206.99998
294.38226,190.75082,323.39252,194.16379,321.64508,209.01703,292.63483,205.60406
344.0,194.0,367.0,194.0,367.0,205.0,344.0,205.0
386.0,194.0,449.0,194.0,449.0,210.0,386.0,210.0
334.86963,211.18051,452.92517,210.06677,453.08466,226.97092,335.0291,228.08466
303.0,213.0,312.0,213.0,312.0,227.0,303.0,227.0
324.0,213.0,334.0,213.0,334.0,230.0,324.0,230.0
240.0,214.0,279.0,214.0,279.0,228.0,240.0,228.0
313.0,215.0,324.0,215.0,324.0,227.0,313.0,227.0
361.0,232.0,411.0,232.0,411.0,248.0,361.0,248.0
302.46832,234.83485,360.85974,232.0543,361.6109,247.82805,303.21948,250.6086
425.40717,236.10623,451.7567,234.34958,452.51776,245.7655,426.1682,247.52216
243.0,238.0,286.0,238.0,286.0,249.0,243.0,249.0
268.6684,255.7204,348.77856,253.13617,349.2536,267.8628,269.14343,270.44702
242.0,256.0,264.0,256.0,264.0,271.0,242.0,271.0
348.21954,259.0244,379.7636,256.28143,380.76923,267.8462,349.22516,270.58917
386.1003,255.39171,454.2977,257.28607,453.96768,269.16577,385.7703,267.27142
298.1,274.7,330.517,276.10944,329.9,290.3,297.483,288.89056
341.0,275.0,365.0,275.0,365.0,290.0,341.0,290.0
364.7508,278.03125,413.94507,276.8014,414.24176,288.66895,365.0475,289.8988
419.0,278.0,454.0,278.0,454.0,288.0,419.0,288.0
245.2646,280.23346,287.786,277.57587,288.81714,294.0739,246.29572,296.7315
427.0,294.0,449.0,294.0,449.0,310.0,427.0,310.0
242.98018,300.80194,297.73267,295.32672,299.17822,309.78217,244.42572,315.2574
377.67038,299.11096,421.8879,297.63702,422.39847,312.95337,378.18094,314.4273
299.0,299.0,321.0,299.0,321.0,311.0,299.0,311.0
338.4779,300.16815,365.6903,298.354,366.45135,309.76996,339.23895,311.5841
397.0,316.0,448.0,316.0,448.0,330.0,397.0,330.0
188.59592,319.24112,288.91458,316.66885,289.45334,337.6807,189.13467,340.25296
316.71338,320.97455,380.91718,318.68158,381.3363,330.41663,317.1325,332.7096
289.0,320.0,302.0,320.0,302.0,331.0,289.0,331.0
58.091366,326.2792,127.52285,321.3198,128.62436,336.74112,59.19288,341.70053
138.0,325.0,176.0,325.0,176.0,339.0,138.0,339.0
357.85126,337.03207,449.9203,335.65793,450.16705,352.19156,358.09802,353.5657
245.0,339.0,300.0,339.0,300.0,353.0,245.0,353.0
141.0,341.0,178.0,341.0,178.0,355.0,141.0,355.0
306.0,341.0,350.0,341.0,350.0,353.0,306.0,353.0
58.6833,342.69803,126.835144,341.07535,127.21304,356.9473,59.061203,358.56998
185.09412,345.22354,232.58234,341.5706,233.69409,356.02353,186.20587,359.67648
127.0,352.0,133.0,352.0,133.0,358.0,127.0,358.0
267.02353,359.3059,306.5588,356.2647,307.75882,371.8647,268.22354,374.90588
352.89984,362.24802,427.46265,356.283,428.8808,374.00955,354.318,379.97458
215.91037,360.92416,247.68967,358.2759,248.97931,373.7518,217.20001,376.40005
445.0,360.0,459.0,360.0,459.0,375.0,445.0,375.0
248.0,362.0,261.0,362.0,261.0,374.0,248.0,374.0
307.0,362.0,339.0,362.0,339.0,373.0,307.0,373.0
428.0,363.0,441.0,363.0,441.0,373.0,428.0,373.0
60.0,365.0,128.0,365.0,128.0,377.0,60.0,377.0
163.0,365.0,204.0,365.0,204.0,376.0,163.0,376.0
129.0,366.0,152.0,366.0,152.0,377.0,129.0,377.0
389.26898,377.42764,451.52417,381.0897,450.46558,399.0862,388.2104,395.42416
180.3541,380.33463,209.73932,382.17117,208.77045,397.67313,179.38522,395.83658
219.0,381.0,228.0,381.0,228.0,394.0,219.0,394.0
335.0,382.0,375.0,382.0,375.0,392.0,335.0,392.0
61.0,383.0,169.0,383.0,169.0,403.0,61.0,403.0
229.0,383.0,252.0,383.0,252.0,394.0,229.0,394.0
263.07486,381.70627,330.22202,383.23233,329.95096,395.158,262.8038,393.63193
366.0,399.0,418.0,399.0,418.0,413.0,366.0,413.0
419.07022,398.7522,461.4039,400.07513,460.9932,413.21857,418.65952,411.89563
247.0,400.0,335.0,400.0,335.0,415.0,247.0,415.0
334.0,400.0,356.0,400.0,356.0,415.0,334.0,415.0
63.0,402.0,118.0,402.0,118.0,419.0,63.0,419.0
126.00172,407.41647,210.13052,398.65305,212.13354,417.88193,128.00473,426.64536
230.0,405.0,244.0,405.0,244.0,420.0,230.0,420.0
407.38965,419.6241,460.61725,416.49307,461.4655,430.9138,408.2379,434.04483
284.0,420.0,293.0,420.0,293.0,434.0,284.0,434.0
307.08112,419.51355,374.4806,423.18988,373.72516,437.0396,306.32568,433.36328
195.0,422.0,217.0,422.0,217.0,437.0,195.0,437.0
224.3345,421.3138,253.64484,423.03793,252.78622,437.6345,223.47589,435.91037
62.485134,428.9383,194.62668,421.43024,195.71628,440.607,63.574738,448.11505
383.0,423.0,397.0,423.0,397.0,434.0,383.0,434.0
264.0,424.0,284.0,424.0,284.0,435.0,264.0,435.0
325.67538,440.3649,381.834,439.0278,382.21304,454.94736,326.0544,456.28445
384.7914,443.65527,461.9432,441.7265,462.33237,457.29175,385.18057,459.22052
186.0,443.0,254.0,443.0,254.0,458.0,186.0,458.0
153.23347,443.2646,181.80934,445.0506,180.8366,460.6148,152.26073,458.8288
273.0,445.0,316.0,445.0,316.0,460.0,273.0,460.0
64.08629,450.20813,143.53807,444.53302,144.64467,460.0254,65.19289,465.7005
359.0,461.0,410.0,461.0,410.0,476.0,359.0,476.0
251.11029,461.3747,313.26288,462.59338,312.95734,478.17566,250.80475,476.95697
318.0,462.0,350.0,462.0,350.0,477.0,318.0,477.0
422.0,463.0,463.0,463.0,463.0,474.0,422.0,474.0
136.0,465.0,146.0,465.0,146.0,479.0,136.0,479.0
65.81758,469.05304,136.94781,467.86755,137.22968,484.77954,66.09944,485.96503
154.09645,469.35028,231.55836,463.81726,232.72588,480.1624,155.26396,485.69543
269.0,482.0,285.0,482.0,285.0,497.0,269.0,497.0
289.0,482.0,340.0,482.0,340.0,498.0,289.0,498.0
377.09402,481.7029,467.1486,483.04703,466.8513,502.968,376.79672,501.62387
184.0,484.0,203.0,484.0,203.0,499.0,184.0,499.0
209.51978,484.55292,249.78983,483.1147,250.35544,498.9516,210.08539,500.38983
344.0,486.0,372.0,486.0,372.0,501.0,344.0,501.0
66.0,487.0,88.0,487.0,88.0,502.0,66.0,502.0
95.0,490.0,167.0,490.0,167.0,504.0,95.0,504.0
436.0,503.0,445.0,503.0,445.0,515.0,436.0,515.0
445.0,504.0,467.0,504.0,467.0,515.0,445.0,515.0
171.0,505.0,228.0,505.0,228.0,522.0,171.0,522.0
332.8907,506.0379,428.9618,504.86633,429.10693,516.767,333.03583,517.9386
68.1191,510.4339,157.58603,504.62433,158.70291,521.8245,69.23599,527.6341
281.3496,508.24344,325.75226,505.28323,326.7257,519.885,282.32306,522.8452
228.0,508.0,262.0,508.0,262.0,519.0,228.0,519.0
334.67987,524.07477,410.85864,521.6174,411.38672,537.9875,335.20795,540.4449
448.0,522.0,468.0,522.0,468.0,536.0,448.0,536.0
212.67166,525.55286,293.92514,523.7062,294.2958,540.016,213.04233,541.8627
300.0,525.0,320.0,525.0,320.0,540.0,300.0,540.0
429.0,525.0,445.0,525.0,445.0,541.0,429.0,541.0
92.79413,527.6186,207.90533,525.8476,208.16278,542.5821,93.051575,544.3531
76.0,531.0,88.0,531.0,88.0,542.0,76.0,542.0
418.0,532.0,426.0,532.0,426.0,539.0,418.0,539.0
345.0,544.0,389.0,544.0,389.0,560.0,345.0,560.0
393.0,544.0,414.0,544.0,414.0,560.0,393.0,560.0
221.0,544.99994,337.0,544.99994,337.0,562.99994,221.0,562.99994
420.0588,548.2354,459.6852,545.06525,460.93478,560.68524,421.30838,563.8554
193.0,548.0,214.0,548.0,214.0,563.0,193.0,563.0
160.0,551.0,189.0,551.0,189.0,562.0,160.0,562.0
69.83426,553.04517,141.94879,551.5427,142.25769,566.3696,70.14316,567.8721
301.0,572.0,320.0,572.0,320.0,586.0,301.0,586.0
439.94595,574.6757,475.94595,568.6757,478.75674,585.5406,442.75674,591.5406
332.0,576.0,349.0,576.0,349.0,590.0,332.0,590.0
87.0,581.0,98.0,581.0,98.0,591.0,87.0,591.0
