263.0,46.0,342.0,46.0,342.0,63.0,263.0,63.0
438.0,46.0,452.0,46.0,452.0,60.0,438.0,60.0
424.0,47.0,436.0,47.0,436.0,58.0,424.0,58.0
244.0,48.0,262.0,48.0,262.0,63.0,244.0,63.0
149.76521,49.618156,237.91353,48.071693,238.20552,64.71569,150.0572,66.26215
412.0,68.0,448.0,68.0,448.0,84.0,412.0,84.0
381.0,69.0,403.0,69.0,403.0,84.0,381.0,84.0
200.68776,72.63723,258.85593,71.3727,259.21588,87.93009,201.0477,89.19462
273.40573,76.143776,372.88657,72.16454,373.5767,89.41694,274.09586,93.39617
137.35506,75.147934,191.64973,79.12071,190.3734,96.5639,136.07872,92.591125
105.0,77.0,135.0,77.0,135.0,92.0,105.0,92.0
57.713703,82.269875,99.91507,80.706856,100.35069,92.4685,58.149323,94.03152
359.72073,90.109726,448.816,87.825226,449.2214,103.635345,360.12613,105.919846
293.73602,92.53459,354.90857,91.33513,355.21527,106.97618,294.04272,108.175644
163.48163,95.657295,273.84344,91.66831,274.44843,108.40548,164.08661,112.39446
279.0,96.0,291.0,96.0,291.0,107.0,279.0,107.0
57.64074,99.06555,138.80034,96.81111,139.24985,112.99307,58.09024,115.24751
137.0,101.0,160.0,101.0,160.0,116.0,137.0,116.0
387.0,110.0,409.0,110.0,409.0,126.0,387.0,126.0
414.0,110.0,428.0,110.0,428.0,125.0,414.0,125.0
428.0,110.0,451.0,110.0,451.0,125.0,428.0,125.0
337.0,112.0,383.0,112.0,383.0,128.0,337.0,128.0
159.56686,116.428734,287.72357,112.33863,288.4175,134.08243,160.2608,138.17255
292.0,116.0,332.0,116.0,332.0,127.0,292.0,127.0
56.99352,122.2577,102.686386,118.34116,104.01865,133.88412,58.325775,137.80066
102.7707,122.057144,152.94284,120.77068,153.24771,132.66031,103.07556,133.94678
359.0,132.0,390.0,132.0,390.0,148.0,359.0,148.0
413.0,132.0,422.0,132.0,422.0,146.0,413.0,146.0
286.0,134.0,316.0,134.0,316.0,150.0,286.0,150.0
423.0,134.0,444.0,134.0,444.0,146.0,423.0,146.0
244.36191,134.21013,272.81326,135.98833,271.84048,151.55254,243.38913,149.77434
401.0,135.0,414.0,135.0,414.0,151.0,401.0,151.0
334.0,136.0,358.0,136.0,358.0,147.0,334.0,147.0
156.0,138.0,227.0,138.0,227.0,153.0,156.0,153.0
445.0,140.0,451.0,140.0,451.0,147.0,445.0,147.0
59.0,141.0,79.0,141.0,79.0,156.0,59.0,156.0
145.0,141.0,157.0,141.0,157.0,154.0,145.0,154.0
87.586624,144.11224,144.83487,141.44955,145.65732,159.13223,88.40907,161.79492
384.0,152.0,453.0,152.0,453.0,168.0,384.0,168.0
337.0,153.0,384.0,153.0,384.0,169.0,337.0,169.0
304.0,154.0,324.0,154.0,324.0,170.0,304.0,170.0
119.279976,160.67882,268.651,154.08891,269.52258,173.84459,120.15155,180.4345
269.0,159.0,292.0,159.0,292.0,170.0,269.0,170.0
61.000004,163.99998,107.0,163.99998,107.0,175.99998,61.000004,175.99998
404.0,172.0,445.0,172.0,445.0,188.0,404.0,188.0
300.1603,174.6726,338.47812,176.0918,337.91373,191.33014,299.59592,189.91095
213.0,177.0,227.0,177.0,227.0,193.0,213.0,193.0
347.57733,177.9696,376.81213,176.43094,377.41437,187.87292,348.17957,189.41159
383.0,177.0,402.0,177.0,402.0,187.0,383.0,187.0
137.68433,180.05649,208.88586,178.31985,209.27173,194.13971,138.07019,195.87634
233.64212,180.68398,299.9257,179.02687,300.3398,195.5915,234.05624,197.24861
123.0,181.0,132.0,181.0,132.0,194.0,123.0,194.0
60.0,182.0,82.0,182.0,82.0,199.0,60.0,199.0
83.362076,185.15515,123.86897,182.7724,124.84483,199.36206,84.33794,201.74481
352.0,194.0,370.0,194.0,370.0,209.0,352.0,209.0
375.9918,198.42194,426.69315,193.08493,428.49588,210.21097,377.79453,215.54797
431.0,196.0,456.0,196.0,456.0,207.0,431.0,207.0
263.36765,200.58101,331.84848,192.82845,333.95535,211.43898,265.47452,219.19154
60.39382,204.9071,158.42477,198.3717,159.5708,215.56195,61.53984,222.09735
229.0,202.0,258.0,202.0,258.0,213.0,229.0,213.0
181.0,203.0,225.0,203.0,225.0,214.0,181.0,214.0
162.0,204.0,176.0,204.0,176.0,216.0,162.0,216.0
397.37933,215.44829,447.79315,212.48277,448.75177,228.77931,398.33795,231.74483
300.66705,216.68332,362.8282,215.1293,363.2417,231.66898,301.08057,233.22299
364.0,216.0,395.0,216.0,395.0,231.0,364.0,231.0
283.0,217.0,298.0,217.0,298.0,233.0,283.0,233.0
176.49603,224.7867,279.78177,220.14464,280.48935,235.8881,177.20361,240.53017
60.041435,224.10062,101.4651,221.2438,102.6083,237.82013,61.18463,240.67694
101.15555,222.56313,157.56403,226.16368,156.6348,240.72139,100.22632,237.12083
163.0,230.0,171.0,230.0,171.0,238.0,163.0,238.0
376.11484,236.1645,419.73495,233.15623,420.87814,249.73256,377.25803,252.74083
424.0,234.0,448.0,234.0,448.0,250.0,424.0,250.0
234.0,240.0,255.0,240.0,255.0,256.0,234.0,256.0
330.29953,242.19287,373.7919,239.08627,374.91373,254.79187,331.42136,257.89847
258.79684,242.45116,317.94028,241.1928,318.19052,252.95341,259.0471,254.21178
76.0,244.0,137.0,244.0,137.0,259.0,76.0,259.0
139.78676,244.48543,229.94102,242.81593,230.59102,277.91504,140.43675,279.58453
63.0,247.0,76.0,247.0,76.0,265.0,63.0,265.0
383.7259,260.40787,442.9347,258.71616,443.38818,274.5889,384.17938,276.2806
213.56984,262.38635,297.78766,259.26715,298.33014,273.9137,214.1123,277.0329
350.0,261.0,374.0,261.0,374.0,272.0,350.0,272.0
309.0,262.0,337.0,262.0,337.0,273.0,309.0,273.0
63.584896,265.54718,105.771355,264.141,106.296326,279.89014,64.10987,281.29633
124.0,268.0,150.0,268.0,150.0,279.0,124.0,279.0
111.0,274.0,120.0,274.0,120.0,281.0,111.0,281.0
389.0,276.0,461.0,276.0,461.0,292.0,389.0,292.0
323.34393,279.22177,385.67877,276.25345,386.4729,292.9299,324.13806,295.89822
276.0,279.0,324.0,279.0,324.0,295.0,276.0,295.0
180.56549,283.53015,270.92307,280.61542,271.58105,301.01355,181.22348,303.92828
64.15229,287.13202,88.67005,285.38074,89.77665,300.8731,65.25889,302.6244
89.0,288.0,160.0,288.0,160.0,306.0,89.0,306.0
433.32355,301.2059,459.70587,299.17648,460.5882,310.64706,434.20587,312.67648
220.57027,303.25717,297.76672,300.16928,298.3562,314.90573,221.15973,317.99362
298.0,301.0,308.0,301.0,308.0,315.0,298.0,315.0
379.29947,303.1929,422.7208,300.0914,423.77158,314.80203,380.35025,317.90353
309.0,303.0,358.0,303.0,358.0,316.0,309.0,316.0
116.30643,304.52707,169.86008,309.2524,168.39227,325.8876,114.83862,321.16226
65.57601,305.832,87.31202,309.78403,85.00802,322.45602,63.27201,318.504
92.1929,306.2995,117.84772,308.13196,116.81218,322.6294,91.157364,320.79694
172.70699,308.20975,216.92451,306.7358,217.3174,318.52274,173.09987,319.99667
362.5217,317.78424,430.64304,321.64014,429.62314,339.6579,361.5018,335.802
431.53452,322.08618,460.78622,320.36548,461.46207,331.85516,432.21036,333.57587
234.78838,323.5121,305.92047,322.30646,306.18555,337.94604,235.05347,339.15167
202.0,325.0,230.0,325.0,230.0,340.0,202.0,340.0
308.08627,326.20816,356.6954,322.73605,357.87308,339.22336,309.26395,342.69547
167.0,326.0,194.0,326.0,194.0,341.0,167.0,341.0
66.0,327.0,134.0,327.0,134.0,345.0,66.0,345.0
141.0,327.0,164.0,327.0,164.0,342.0,141.0,342.0
133.0,332.0,142.0,332.0,142.0,342.0,133.0,342.0
145.0,346.0,244.0,346.0,244.0,365.0,145.0,365.0
91.0,348.0,118.0,348.0,118.0,363.0,91.0,363.0
120.0,348.0,141.0,348.0,141.0,363.0,120.0,363.0
67.23529,352.05884,89.717636,350.3294,90.59999,361.8,68.117645,363.52942
412.44247,360.0623,461.8035,358.08786,462.43607,373.90256,413.07504,375.87698
366.0,360.0,399.0,360.0,399.0,376.0,366.0,376.0
272.64096,366.18283,347.99393,358.7711,349.84805,377.6215,274.4951,385.03323
136.62483,367.11823,259.83212,363.78833,260.2774,380.26276,137.0701,383.59265
99.0,367.0,125.0,367.0,125.0,382.0,99.0,382.0
444.0,379.0,465.0,379.0,465.0,395.0,444.0,395.0
350.15256,384.4741,435.4268,378.20395,436.70987,395.65372,351.43564,401.92386
231.29182,389.21844,301.80103,383.53223,302.9641,397.95453,232.4549,403.64075
302.0,387.0,343.0,387.0,343.0,404.0,302.0,404.0
138.0,388.0,184.0,388.0,184.0,403.0,138.0,403.0
70.59822,389.94666,125.80356,388.1065,126.297455,402.9234,71.09212,404.76355
206.0,391.0,221.0,391.0,221.0,405.0,206.0,405.0
368.02988,402.8476,455.12418,404.05725,454.92416,418.45728,367.82986,417.24762
299.46808,405.29688,366.73816,402.23914,367.4536,417.97937,300.18353,421.0371
74.0,408.0,185.0,408.0,185.0,424.0,74.0,424.0
195.48676,411.19623,281.80185,407.44342,282.4641,422.67548,196.14902,426.42828
285.0,414.0,293.0,414.0,293.0,422.0,285.0,422.0
347.48196,428.4629,397.45883,421.88696,399.6644,438.6494,349.68753,445.22534
310.21725,424.30692,338.76553,425.98624,337.8517,441.52072,309.30344,439.8414
398.0,425.0,468.0,425.0,468.0,442.0,398.0,442.0
215.0,426.0,301.0,426.0,301.0,441.0,215.0,441.0
127.980194,433.19052,209.10724,425.53702,210.80624,443.54654,129.6792,451.20004
73.0,430.0,126.0,430.0,126.0,445.0,73.0,445.0
401.70593,443.3557,458.83783,442.02704,459.18378,456.9027,402.05188,458.23138
371.27585,443.31033,399.76553,444.98618,398.8517,460.52066,370.36203,458.84482
308.44653,444.63318,366.59656,448.1574,365.5572,465.30652,307.40717,461.7823
126.42415,454.2181,214.7656,448.42526,215.95586,466.5767,127.61441,472.36954
274.0,450.0,303.0,450.0,303.0,461.0,274.0,461.0
215.11078,450.11966,252.44019,451.5554,251.9498,464.30576,214.62039,462.87003
254.0,452.0,270.0,452.0,270.0,467.0,254.0,467.0
73.73725,455.06656,119.90319,453.7087,120.24287,465.25754,74.07693,466.6154
223.78067,468.71826,329.90756,466.82312,330.17374,481.72906,224.04684,483.6242
166.33914,470.78305,218.65836,468.16708,219.49377,484.87534,167.17456,487.4913
75.65559,472.01187,127.76603,470.21494,128.34323,486.95364,76.23278,488.75058
133.4467,475.25378,159.81218,473.37054,160.62944,484.8122,134.26396,486.69543
452.0,484.0,473.0,484.0,473.0,499.0,452.0,499.0
334.43454,487.1455,442.74387,482.72473,443.4266,499.45197,335.11728,503.87274
220.1416,494.1239,322.42038,487.3053,323.45135,502.7699,221.17258,509.5885
103.0,492.0,127.0,492.0,127.0,507.0,103.0,507.0
127.0,495.0,152.0,495.0,152.0,507.0,127.0,507.0
172.0,495.0,207.0,495.0,207.0,505.0,172.0,505.0
333.40164,512.1215,473.35385,501.49222,474.70352,519.2631,334.7513,529.89246
258.0,508.0,274.0,508.0,274.0,524.0,258.0,524.0
288.0,510.0,318.0,510.0,318.0,525.0,288.0,525.0
79.15137,510.0046,150.38899,512.16327,149.85046,529.9348,78.61284,527.7762
166.0,512.0,241.0,512.0,241.0,528.0,166.0,528.0
250.0,529.0,328.0,529.0,328.0,546.0,250.0,546.0
337.08405,528.5433,399.51086,532.14484,398.4239,550.986,335.99707,547.38446
416.0,529.0,430.0,529.0,430.0,541.0,416.0,541.0
433.2607,531.17126,474.78598,528.5759,475.75876,544.14014,434.2335,546.7355
79.0,533.0,106.0,533.0,106.0,549.0,79.0,549.0
106.17888,532.4512,173.6187,537.18384,172.28087,556.2478,104.84105,551.51514
173.0,533.0,192.0,533.0,192.0,548.0,173.0,548.0
233.0,534.0,243.0,534.0,243.0,545.0,233.0,545.0
191.0,535.0,214.0,535.0,214.0,548.0,191.0,548.0
219.0,535.0,232.0,535.0,232.0,546.0,219.0,546.0
484.0,537.0,529.0,537.0,529.0,547.0,484.0,547.0
411.16498,546.37115,446.5464,547.97943,445.84125,563.49286,410.45984,561.8846
446.0,547.0,465.0,547.0,465.0,562.0,446.0,562.0
384.0,549.0,407.0,549.0,407.0,563.0,384.0,563.0
271.0,551.0,298.0,551.0,298.0,567.0,271.0,567.0
211.0,552.0,240.0,552.0,240.0,568.0,211.0,568.0
242.0,552.0,262.0,552.0,262.0,568.0,242.0,568.0
184.0,553.0,205.0,553.0,205.0,569.0,184.0,569.0
296.71945,554.0585,357.8331,552.49146,358.28183,569.9928,297.16818,571.5598
520.0,555.0,527.0,555.0,527.0,562.0,520.0,562.0
79.0,555.0,101.0,555.0,101.0,570.0,79.0,570.0
361.0,554.0,377.0,554.0,377.0,570.0,361.0,570.0
504.0,556.0,519.0,556.0,519.0,563.0,504.0,563.0
532.0,556.0,540.0,556.0,540.0,561.0,532.0,561.0
104.80021,558.2091,178.94374,556.52405,179.22769,569.0176,105.08415,570.70264
448.0,573.0,469.0,573.0,469.0,588.0,448.0,588.0
470.0,576.0,483.0,576.0,483.0,587.0,470.0,587.0
85.0,586.0,97.0,586.0,97.0,597.0,85.0,597.0
